0	11	211
1	334	390	449	460
2	405	735	1204	1409	2042	2049
3	60	87	88	203	269	349	411	714
4	405	1784
5	204	405
6	211
7	253	373	398	626
8	156	157	343
9	508
10	471
11	211
12	
13	120
14	349	611	613
15	59
16	19	219	275	520	599
17	241	359	462	1135
18	155
19	89	376	599	1121	2168
20	613	2138
21	496	1337	1431
22	261	313	348	351
23	
24	11	203	902
25	
26	203	1323	1416
27	28	455	460	461
28	241	460	517	561	743	1403
29	210	611	1323	1607
30	200	241	458
31	449	457	468	605	1135	1538
32	626
33	729	1426	1429
34	613
35	71	561	1994
36	405	407	1204
37	70
38	592
39	474	523
40	122	474	476	523
41	41	525	2100
42	185	352	397
43	500	584	1403	1916
44	639	788	837
45	449	460	788	1204
46	
47	47	465	469	1258
48	449	457	460
49	195
50	346
51	241	460	463	605	1449	1625	1747
52	233	476
53	596
54	54	98	128	232	241	598	630	798	1409	1539
55	344	376	464	582	855	963	1007	1179	1208	1228	1733	2151
56	59
57	611	613	634
58	613
59	157	1987
60	
61	
62	128	172	630
63	359	1818
64	12
65	
66	31	460	1135
67	241	613
68	241	384	449	460
69	602
70	70	588	1679
71	204
72	352
73	
74	611	613
75	111	449	460	1028
76	33	103
77	359	397	1705
78	500	1625	2203
79	79	624	2112	2190
80	
81	272	899
82	82
83	105	241	384	390	460
84	613	634
85	201	1086	1998
86	485
87	203	1054
88	87	203	1054
89	520
90	285
91	466	508	613	722
92	613
93	33	113	741	1426	1775
94	71	561	1994
95	384	460	517
96	185	352	561
97	962	1793
98	483
99	14	84	99	101	104	611	613	634	1596	2188
100	
101	99	101	104	611	613
102	
103	
104	14	99	611	613
105	241	460
106	379	520	547
107	60
108	495	496
109	904	1760
110	341	531
111	1028	1277
112	113
113	112	339	614	1426	1429
114	1938
115	42	185	352	379	520	1101	1118	1580	2101
116	962
117	
118	164
119	1371
120	349	613
121	169	380	533	1374	1403
122	
123	293	1266	1327
124	12
125	51	125	241	613
126	59
127	192	257	353	430
128	
129	
130	111	130
131	624
132	241	449	460	461	637	2038
133	606
134	
135	
136	449	451	455	1204
137	1440
138	465
139	3	203
140	199	352
141	414	416	1977
142	613
143	310	622
144	352	744	1807
145	235
146	272	495	496
147	118	285
148	60	128	537	630
149	387	406
150	374	438	440
151	129	350	354	355
152	266	273	318
153	241	461	478	613
154	772	1337
155	241
156	343
157	156	157
158	
159	160	602
160	
161	2	615
162	532	613
163	1209
164	285	1431	1656
165	57	349	613
166	613
167	71	352	1304
168	1916
169	51	449	605	1204
170	138	465	469
171	405	407	601
172	128
173	397	571	1705	1955
174	160	602
175	613
176	397
177	36	405	449
178	513
179	474	523
180	352	561
181	485	1333	1514
182	71	561	1994
183	502
184	117	359	397
185	
186	117	349	1049
187	23	234
188	11	220	498
189	483	1656
190	12	613
191	613
192	352	1039	1040
193	
194	66	449	460	1135
195	2167
196	628
197	11	817
198	111	198	460	616
199	
200	241	384	460	743	800	903	1030	1225
201	325	1086	1725
202	69	2164
203	60	87	349	470
204	709	1246
205	48	59	241	457	563
206	12	1511
207	12
208	55	344	464	631
209	
210	542
211	11	211
212	185	262	475
213	342	1265	2100
214	1647
215	59	543	1987
216	
217	80
218	214
219	16	275	379	599
220	11	211	498	501
221	899	904	1727	2078	2120
222	278	281	386	408	467
223	1702
224	747	1288
225	
226	281	383	386	467	1745
227	222	281	386	1658	1745
228	241	400	449	462
229	266	268	1581
230	281	383	467	1086	1265	1787
231	703
232	460	613
233	52	233	476
234	23
235	
236	447	481	520
237	237	1134	1690	1955
238	1533	1591	1827
239	624
240	317	469
241	241
242	184	242	359	567	1006
243	361	663	1082
244	334	449
245	
246	1351
247	247	350	354
248	348	397	953
249	88	203	249	349	1206	1592
250	66	334	449	460
251	45	449	451	460	788
252	602
253	
254	59	543	613
255	331	449
256	436	656	1112	1134
257	257	422
258	613
259	340	421	1910
260	348	1369
261	348	464	622	1011	1028	1829
262	
263	461	969	1625	1797	1892
264	12	788	1369
265	115	185	265	1083	2026	2101
266	50	266	268	269	273
267	776	812	1010
268	266	269
269	
270	613	2144
271	193
272	
273	50
274	396	460	461
275	19	89	376	520	599	1800	2168
276	348
277	61	118	295
278	278	281
279	
280	279
281	1499	1675
282	59	60	282	506	1987
283	
284	613
285	
286	285
287	33	741	1129
288	349	613
289	469	1258
290	657	1298	1726
291	
292	292	2054
293	573
294	613	1806
295	118
296	297
297	1742
298	296	298
299	299	400	449	460
300	496	613
301	613
302	449	457
303	71	128
304	225
305	69
306	375	449
307	
308	521	578
309	59	506
310	
311	311
312	352	561	1923
313	1006
314	70	514
315	460	462
316	496	611	613
317	
318	152	266	273	318	470
319	117	186	349	359	1049
320	11	128
321	102	108	495
322	154	155
323	397
324	613	1927
325	201	281	342	1086	1265	1455	1725
326	12	326	349	1020	1021
327	362	470	515	2023
328	
329	328	329	1889	1895
330	82
331	186	331	349	1894
332	332	1062
333	349	772	1324	1332	1337
334	66	460
335	
336	449
337	496
338	953
339	112	113	1426	1593	2063
340	
341	606	974
342	201	213	325	1086	1265
343	156	157	343
344	55	464	718	963	1007	1179	1228	1318
345	
346	50	346	454
347	68	460
348	
349	164	285	349	396	1681
350	247	354
351	
352	209	516	561	1304
353	1339
354	134	354
355	129	350	354	355
356	485	1097	2032
357	0	11	211	617
358	11
359	82	117	184	209	1577	1611
360	299	338	457
361	
362	1588
363	11
364	
365	260	565
366	449	451
367	
368	155
369	461	1277
370	526	779	2099
371	449	2180
372	425
373	373	447	481	910
374	438
375	449
376	19	447	464	547
377	135
378	611	613
379	89	379	520
380	231
381	349
382	2	274	396	400	459
383	226	230	383	467
384	241	460
385	241	384	449	460	461
386	281	383	386	408	596	1675
387	1426
388	62	172
389	397
390	505
391	449	461	528	817
392	449	1204
393	573
394	137
395	
396	241	460	461	611
397	397	460
398	
399	10	204	448	471
400	241	449	461
401	521	522	1308
402	
403	89	447	481
404	613
405	2	400	405	407	605	2042
406	387	1904
407	405	460	1449	1985
408	278	281	386
409	538
410	397	1923
411	87	88	203
412	203	1053	1054
413	200	458	1470
414	409	416	538
415	241	460	462	613	2083
416	409	414	538	1544	1963
417	
418	59	109
419	426
420	89	420	447	1962	1993
421	340	1910
422	
423	59	496
424	332	335
425	
426	373	464
427	1784
428	224
429	133	949	974	2062
430	876	877	1028
431	352
432	432	559	1171	1175	1176
433	613	1638	2176
434	553
435	33
436	
437	89	547	626
438	438	909
439	
440	374	438	909
441	441	613	979
442	439
443	0	11	211	617
444	613
445	59	352
446	66	449	460	1549	1550
447	481	520	547
448	
449	241	384	385	460	461	2038
450	100	2020
451	241	449	460
452	499	500	547	1118	1692	1933	1937
453	452	500	1933	1937
454	346	454
455	136	449	1135	1922
456	349	611	613
457	48	241	385	449	460	461	2032
458	30	200
459	241	460	605	1535
460	241	384
461	241	384	460	1204
462	51	66	241	390	449	460	463	1135	1278
463	397	693
464	373	376	697	959	1228	1733
465	47	469	1258
466	508	613	722
467	383
468	449	460	605	693
469	34	598	1424
470	128	172	269	349	470	843	1010	1097	1417
471	10	204	399	448	471	1823
472	496	571	613
473	474	912	990	1238
474	122	476	523	912	1948
475	
476	310	497	1106	1239	1272	1273	1948
477	203	349	519
478	241	461	574	613
479	479
480	296	297	298
481	447	520	547	1700
482	908	971	1351
483	
484	245
485	550
486	129	247	252	350	354
487	613
488	611	613	854
489	2	449	460	496	1449
490	901	1916
491	439	545	1366
492	59	543
493	395	469	551
494	359	1070
495	337	349	496	588	1609	1953
496	495	496	588	874	1609	1953
497	513	1106
498	11	1738	2051
499	
500	452	499
501	220	359	498	1695
502	
503	397
504	613
505	449	460	605
506	59
507	951	1922
508	
509	
510	562
511	
512	613
513	1273	1275
514	511	514	1062	1297	2088	2194
515	352	1315	1589
516	209	1305
517	241	449	629	1307
518	427	507
519	203
520	89	520
521	402	522	526	1308	1955
522	402	526	561	1308	1955	2027
523	122	476	907
524	169	449	460
525	470	525	608	1010	1011	2100
526	300	402	613	1532	1588	1955	2099
527	65
528	400	533	817
529	352
530	449	2038
531	348	1043	1881
532	613
533	2	51	66	132	205	241	302	390	400	405	449	457	460	461	462	468	517	605	615	693	723	735	803	1135	1204	1278	1403	1538	1639	1644	1699	2038	2042	2170	2173	2198
534	533	534	1314
535	349
536	56	59	60
537	
538	
539	285
540	241	349	613
541	611
542	2109
543	59	254	496	874	1124	1436	1841	1949	1950
544	422
545	
546	449	457	460	461	1204
547	89	1692
548	158
549	349	549
550	1823
551	
552	56
553	
554	23	25
555	59	73	495	613
556	328	584	1895
557	71	557
558	352	515	561	1550
559	131	559	1175	1287
560	175	613
561	260	352	516
562	607	611
563	48	166	336	449	461
564	788
565	70	561	565	898	1088	1355	1845	2117	2119	2129
566	449	460	1374	2173
567	359	968
568	
569	60	203
570	613	1637
571	349	613
572	522
573	349
574	241	461	478	613
575	508	509	613
576	12	1369
577	417
578	401	402	521	522	1308	1955
579	373
580	129	159	160
581	11	203	902
582	359	464	696
583	402
584	584
585	131
586	993	1726
587	128	496
588	588	613
589	359
590	449
591	613	2138
592	33
593	469
594	827	920
595	827
596	281	386
597	285	286
598	98	598
599	520
600	461
601	405	407
602	602
603	11	203	902
604	613	1681
605	449	460
606	128
607	613
608	525	1010
609	610	1686	2174
610	1686
611	611	1569	1570
612	11	245
613	
614	112	113	1604	1607	1613
615	400	449	1204	2042
616	111	241	384	460	1297
617	11	211
618	
619	333	364
620	397
621	623	1158
622	310
623	623
624	33	79	131	741	929	1105	1343	1344	1349	1434	1435	1837	1838	2112	2124	2190
625	71	561	1994
626	32
627	71
628	613	1566
629	517	743	1307
630	128
631	464
632	629
633	285	597	1051
634	57	165	611	613
635	460	533	1368	1403
636	272	1235	2210
637	132	1204
638	435
639	19	89
640	923	1330
641	
642	937	1088	1508
643	750
644	707	937	1088	1508
645	645	816	1121
646	59	1053	1054
647	1037	1922
648	981	1161
649	649	1250
650	645	816
651	652
652	709
653	1370
654	908	1415	1420	2171
655	920
656	1280
657	657	1186
658	1204	1413
659	761
660	907	922	1112
661	241	1392
662	292	598
663	914
664	1053	1431
665	743	924	1022
666	663	666	668	1099	1123
667	1261
668	663	875	914	1082
669	721	1261
670	722	979
671	672	911	987	1125
672	475	671	911	987	990
673	671	672	936	987	990
674	494	1146
675	1228	1369
676	117	184	349	1049
677	990	1351
678	990
679	
680	742	746	1265	1578
681	784
682	726	1844
683	854	1416
684	586	684	993
685	469	866	1258	1510	1516
686	563	686
687	307	348	1035	1327
688	818	1232
689	
690	972
691	1010	2100
692	460	1278
693	71	221	396	449	455	460	461	557	1295	1727	1994	2163	2173
694	763	795	962	1487
695	643
696	697	788
697	481	696	697	788
698	
699	1233
700	700	855	1989
701	956	1002	2130
702	911	1227
703	461	879	1890	2097
704	974
705	763	962	1591
706	1006	1180	1397
707	707	1508	1989
708	469	662	2054
709	
710	14
711	1368	1374
712	60	1131
713	1403
714	59	714
715	47	465	1258
716	1258
717	47	465	469	1258
718	373	817	835	1038
719	821	1304	1312
720	
721	1261
722	59	979	1025	1989
723	460	468	1135	1267
724	397	571	1705
725	89
726	144	1093
727	1059
728	184	242	352	359	397	516	531	536	620	1006	1008	1083	1318	1319	1327	1417	1798	2098	2117	2172	2187
729	
730	33	741	1426	1775
731	646	647	796	797	1053	1054	1149	1184	1325
732	732
733	387	729	1129
734	128	1010
735	87	88
736	496	1299	1300	1392
737	185	982	1109	1271
738	1238	1290
739	743	786	953
740	1233	1392
741	239
742	742	746	1265	1578
743	460	739
744	1112
745	1010	1011
746	
747	224	1288
748	951	1058
749	128	349	843
750	
751	663	914
752	716	1258
753	1034	1437
754	473
755	754	912
756	547	1073	1205	1277
757	1270
758	899
759	209	801
760	56	606	760	1295	1413
761	1023
762	204	709	1246
763	311
764	348
765	496
766	766	1012
767	763
768	
769	595	827	1211	1371
770	1093	1095
771	50	269	647	1053	1166
772	349	1332
773	1088
774	1047	1048	1193
775	59	1251	1339
776	1010	1011
777	
778	793
779	349	790
780	956	1002	2130
781	788
782	915
783	1065
784	611
785	1257
786	739	743
787	739	743	786
788	89
789	1051
790	
791	462	795	1135	1271
792	1086	1265	1786
793	924	1533	1856
794	808
795	311	765	1810	1863
796	1037	1053	1149
797	539	1325	1625
798	54	128	630	1539
799	739	743
800	200	743
801	209	728
802	850
803	460	517	629	1307
804	
805	46	659	1477
806	260	703	879
807	1112
808	
809	1112
810	131	826
811	1040
812	1010	1011
813	55	1010	1208	1251
814	464	963
815	801
816	547	816
817	1937
818	
819	1304
820	763	874	1793
821	862	1304	1312
822	819	821	822	1304
823	460	723
824	938
825	469	551
826	
827	827
828	59	128	1308
829	920	923	926
830	352	1083	1088	1089	1095
831	1209
832	1048
833	720	833
834	59	855	1093	1920
835	373	464	817	1008
836	19	89	376	599	836	888	1118
837	264	1083	1094
838	211	1088
839	481	696	697	788	1093
840	953
841	956
842	584	1383
843	128
844	1112
845	1082
846	
847	663	666	668	1099	1123
848	390	1278
849	497	907	1103	2209
850	
851	1089	1239
852	
853	854
854	
855	968
856	1019
857	494	861	1050
858	395	551	825
859	511	514	1071	1117	1228
860	
861	186	319	331	349	352	1049	1050
862	348
863	863	920	935
864	273	507	1610
865	29	854
866	465	469
867	292	593	804	2054	2055
868	1089	1239
869	257	899	960	1304
870	89	953
871	128	1098
872	873	880	2022
873	872	880	2022
874	874	1146
875	663	666	914	1082
876	877	1028
877	1028
878	1381
879	233	260	461	497	703	879	908	1890	1947	2097
880	880	1010	1265
881	1251
882	1300
883	1112
884	833
885	395	551	825	1054
886	464	1228
887	1380	1723	1831
888	1118
889	1149
890	1069	1591
891	956
892	111	953
893	1029	1031
894	894
895	1088
896	1088	1305
897	827	1440	1441
898	211	1088	1097	1305
899	588	1348
900	935
901	901
902	496	1325
903	200	457	743	901	1726
904	
905	722	979
906	
907	439	1102
908	471	1272
909	1112	1394	1399
910	
911	135
912	476	1947	1948
913	60	1054	1149
914	20
915	
916	743	787	1022
917	1073
918	588	1386
919	919	953	1189	1191
920	920	1261
921	1204	1403
922	907	922	1102	2209
923	
924	743	786	787	799
925	951	1010	1011
926	829	920
927	927	1158	1785
928	
929	131	1010	1011	1105
930	23	234	1272
931	745	1575
932	745	931	1359
933	
934	1198
935	
936	70	209	686	801	987	1088	1210
937	707	1088	1333	1508
938	
939	1287	1291
940	
941	
942	1343
943	1238	1239	1272
944	1305	1355
945	352	1087
946	941
947	
948	431	1050
949	974
950	852	950
951	951
952	260	1088	2117
953	
954	
955	1257
956	
957	772
958	955	1350
959	19	464	1180
960	821	1304	1312
961	457	605	970	978
962	97	962	1793
963	55	262	264	376	464	511	830	855	973	1008	1093	1097	1228	1397	1653	1920	1924	1944	1989	2006
964	407	481	1037	1073
965	909	965	1112
966	1368	1403
967	663	914	1082
968	536	1989
969	1772	2032
970	457	459	505	605	961	969	1772	1797
971	908	1351
972	843	972
973	855	1228	2157
974	
975	1287	1417
976	465	469	1258
977	267	1010
978	31	48	263	302	400	449	457	505	517	605	961	969	970	1549	1625	1772	1797	1892	2032
979	
980	935	2148
981	
982	352	1092
983	1178	1182
984	438	990
985	438	724	1198
986	860	1258
987	473	912	1238
988	460	605	1374
989	476
990	677	678	990
991	1432
992	
993	119
994	59	1228	1339	1348
995	663	914	1082
996	697	1093	1172	1338
997	119	1092
998	903	1092
999	1374	1403	1404	1409
1000	663	1345
1001	956	1002	2029	2130
1002	956	1237
1003	956	1002	2130
1004	754	755
1005	1251
1006	
1007	679	1172	1202	1228
1008	1008	1287
1009	1144
1010	1010	1011	1265
1011	1010	1011	2100
1012	766
1013	465	1015	1262
1014	257	283	862
1015	465	469	1258	1262
1016	465	1258
1017	986
1018	563	686
1019	1217	1218	1440
1020	326
1021	326	1020
1022	743
1023	761
1024	79	291	732
1025	1369	2187
1026	311	935
1027	465	469	1258
1028	1028
1029	531	1038	1076	1727
1030	200	901	903	1726
1031	
1032	2119
1033	1447
1034	496	1034	1437
1035	1065	1384
1036	1251
1037	647	1985
1038	341	373	464	1076
1039	167	352	511	1093	1923
1040	
1041	261	464	561	679	1172
1042	349	1067	1069
1043	348	1043
1044	1244	1245	1247	1263
1045	1271	1774	2029
1046	476	1272
1047	1048	1104
1048	1047	1048
1049	117	349
1050	186	349	352	1049
1051	
1052	920
1053	11	59	60	203	646	647	714	1054	1149	1325
1054	1206	1325
1055	128	1197
1056	1285
1057	547	1324	1332	1337
1058	1058
1059	
1060	89	376	974
1061	953
1062	332	333	1051	1324
1063	586	991	993	1148
1064	
1065	1327
1066	801
1067	1814
1068	1112
1069	595	827	894	1069
1070	852	1074
1071	511	514	573	1297	1327
1072	1244	1245	1247
1073	
1074	
1075	629	743	924	1022
1076	341	1038	1177
1077	1267
1078	496	543	874	2014
1079	460	723
1080	117	184	349	1049
1081	292	662	1064
1082	
1083	481	520	599	706	788
1084	928	931	932
1085	954	1789	1895
1086	213	1265	1455	1998	2100
1087	1304
1088	1369
1089	352	613	1093	1095	1097	1397
1090	947
1091	947
1092	471	920	1092	1212
1093	1036	1095	1097	1251
1094	362	1089	1095	1097	2023
1095	82	167	184	352
1096	643	750	826	1378
1097	1397
1098	128	349
1099	
1100	292	662	1064	2015
1101	547	816	1101	1121
1102	849	1103
1103	
1104	1104
1105	1010	1011
1106	1273	1275
1107	992
1108	933
1109	1239
1110	496	1392	2186
1111	241	763	1889	1903
1112	1112
1113	930	1366	1373
1114	542
1115	1206
1116	373	481	1116	1302	1382
1117	111	514	573	1071	1180	1297	1324	1327	1800
1118	379	447	520	547	645	816	836	888	1101	1121	1214
1119	1208
1120	956	962	1793
1121	520	547	2168
1122	816	1101	1121
1123	663	666	668
1124	1130	1949	1950
1125	122	310	476	497	523	849	911
1126	1092
1127	111	892	2200
1128	901
1129	741
1130	460	1431
1131	1285
1132	128	1197
1133	251	460	605	1283	1439
1134	
1135	460	468	2042
1136	
1137	900
1138	465	469	1262
1139	1051
1140	124	1140	1141
1141	
1142	1420
1143	547	1428	1937
1144	
1145	697	835	837	1318
1146	852	1146	2210
1147	1233
1148	80	137	595	827	1211	1647
1149	128	267	269	470	1010	1053	1054	1325	2022
1150	788
1151	1279
1152	791
1153	1053	1149	1153
1154	1140
1155	349	1208
1156	457	460	777
1157	696
1158	
1159	1208
1160	1019
1161	1827
1162	935
1163	722	979
1164	898	1088	1180
1165	111	892	1165
1166	647	1037	1053	1054	1149
1167	1245	1247	1263
1168	754	755
1169	1169
1170	593	804	2054
1171	1171	1287
1172	679
1173	1088	2117
1174	993	1268
1175	559	1287
1176	1176
1177	1333
1178	550	1333
1179	464	1114	1228
1180	573
1181	836	888
1182	86	550	892	1178	1484	1514	2012
1183	846
1184	646	731	1053	1149	1325
1185	241	460	661
1186	657
1187	66	460	1135
1188	768
1189	338	550	1191	1192
1190	1278
1191	917	955	1189	1433	2122
1192	338	550
1193	1048
1194	1351
1195	373	835
1196	598	662	1424
1197	128
1198	438	1198
1199	431	948
1200	935
1201	253	888	1101	1214
1202	464	679	1207
1203	689	1427
1204	51	132	449	459	460	461	462	605	637	723	1204	1403	2042
1205	547
1206	779
1207	
1208	855	1251
1209	1023	1209
1210	1112	1210
1211	595	827
1212	1092
1213	696	697
1214	816	1122	1382
1215	367	568	1047	1048	1215
1216	720
1217	311
1218	311	1217	1440
1219	656
1220	956	1045
1221	117	186	494	547
1222	1093	1094	1920
1223	111	892	1676	2088
1224	756	1270
1225	743	786	787	1307
1226	1228
1227	909	911	1239
1228	376	464	531	959	1318	2151
1229	940
1230	348	819	1304
1231	1266	1270
1232	144
1233	
1234	852	1436
1235	496
1236	1048
1237	
1238	912
1239	475	1239	1272
1240	496	852	1070	1074
1241	1008	1036	1228	1798
1242	367	568	1215
1243	470	1054	1149
1244	
1245	1072	1244	1247
1246	204	709	1246
1247	
1248	1072	1244	1245	1247
1249	543	1436
1250	649
1251	899	1093	1251
1252	516	644	707	1088	1508
1253	351	1092
1254	684	920	993
1255	1342
1256	1274
1257	
1258	
1259	55	963	1007	1228
1260	464	1228
1261	721	1261
1262	465	469	1258	1262
1263	1244	1245	1247
1264	469	1258	1262
1265	1578
1266	348
1267	460
1268	119	993	1726
1269	728	801	936
1270	269	470	641
1271	
1272	476	497	513	1273	1275
1273	1275
1274	166	1440
1275	
1276	1436
1277	1277
1278	460	904	1135	1204	1278
1279	
1280	
1281	461	981
1282	880	1315	1589
1283	51	460	1283
1284	117	184	349	1049
1285	60
1286	278	1334
1287	128	1008	1171	1176	1287
1288	
1289	987	1289	1290
1290	66
1291	1287
1292	1272	1275
1293	528	566	1374	1403
1294	920
1295	56	606	1413	1418	2173
1296	788
1297	511	514
1298	657
1299	496	562	611	1392
1300	
1301	373	910	1302
1302	910	1301	1302
1303	352	855	1088
1304	
1305	1097	1397
1306	923
1307	743
1308	261	401	402	521	578	898	899	1164	1308	1355	1955	2157
1309	920	1069
1310	307	348	1035	1327
1311	349	535	1311	1313
1312	862
1313	564	1354
1314	629
1315	880	1588	1589	1676
1316	944	1088	1355	1690	1773
1317	460	605	658
1318	376	447	464	547	1228	1800
1319	1304
1320	901	903	1916
1321	743
1322	743
1323	714	779	852
1324	
1325	902	1206
1326	920
1327	1327
1328	257	283	1014
1329	922	930	1272
1330	923	1306
1331	546	1413
1332	335
1333	1369	1989
1334	278	792	1086
1335	901	903	1726
1336	1233
1337	333	679
1338	697	855	996	1093
1339	1251
1340	1304
1341	80	935	1136	1137
1342	
1343	79	643	1344	1349
1344	1343	1349
1345	663
1346	460	723
1347	192	352	895
1348	209	352	373	376	515	516	561	816	910	953	974	1295	1303	1304	1305	1315	1589	1800	1923
1349	79	1434	1435
1350	955
1351	618	1351
1352	1076	1083	1177	1312
1353	1287
1354	
1355	70	185	209	352	397	516	561	773	899	1088	1304	1305	1355	1508	2134
1356	955	1356
1357	863	954
1358	1358
1359	979
1360	763	1913	1975	2130	2133
1361	54	390	1403
1362	59
1363	989
1364	128	352	1297
1365	663	1345
1366	439	907	1103	2209
1367	56	880
1368	461	1374
1369	1369	1989
1370	396
1371	
1372	1588	2120	2140
1373	233	234	922	930	1272
1374	
1375	719	821	862	1312	1375
1376	1380
1377	1142
1378	
1379	1071	1172	1207	1327
1380	
1381	1381
1382	89	373	650	1116
1383	154	1307	1384	1405
1384	154	765	772	1274	1384	1647	1863	1865	1870	2148
1385	438	724
1386	588
1387	606	1413
1388	496	1590	1953
1389	1006
1390	827	993
1391	1251
1392	241	571
1393	743	786	787	1307
1394	1112
1395	935
1396	906
1397	
1398	511	1304
1399	1112	1394
1400	1400
1401	257	960	1304	1372
1402	688	1874	1992
1403	735	1204	1374
1404	956
1405	
1406	956	1446
1407	345
1408	55	185	1228
1409	2	54	405	1449	1538	1539
1410	1200
1411	1112
1412	901
1413	56	396	400	606	1295	1418	2173
1414	352	561	1355	2129
1415	990	2171
1416	26	29	683	1323
1417	1417
1418	606	1413
1419	379	1122	1214	1934
1420	1363
1421	677	678	990
1422	1092
1423	47	465	1258
1424	469
1425	373	464	835
1426	33	1426	1429
1427	
1428	
1429	1426	1775
1430	768	1137	1188
1431	128	874
1432	1026	1591	1793	1858
1433	698
1434	79	1435
1435	
1436	874
1437	1034
1438	257	960	1304	1398	1401
1439	460	605
1440	
1441	827
1442	729
1443	33	741
1444	1019	1324	1428
1445	801	815	1355
1446	956	1446
1447	1405
1448	920	1069
1449	460	605	1535
1450	2017
1451	1807
1452	1693
1453	1793	2160
1454	
1455	342	1086	1265	2100
1456	376	1800
1457	1784
1458	
1459	2209
1460	1864
1461	1556	1558
1462	496	1997
1463	137	611	1384	2139
1464	1980
1465	349	1566
1466	2050
1467	332	496	519	611	2137
1468	1473
1469	349	396
1470	200	241	368	457	517	1538
1471	18	200	458	1470	1976
1472	1412	1913
1473	
1474	1412	1478
1475	1894	1930
1476	1495	1496	1796	1799
1477	805	1575	1638	2144
1478	1440	1495
1479	111	1327	2088
1480	1501
1481	598	1681
1482	2	54	390	460	1449	1538	1539
1483	2	54	460	1409	1449	1538	1539
1484	
1485	109	460	461	1912
1486	38	1929
1487	311	962
1488	1818
1489	292	2054	2188
1490	1796	1799
1491	
1492	18	460	1492	1916
1493	557	1295	1549
1494	352	475	1711
1495	1796	1799
1496	1476	1490	1496	1796	1799
1497	1161	1812
1498	594	1174	1816
1499	1659	1660
1500	469	866	1500	1516
1501	
1502	79
1503	1504
1504	
1505	2109
1506	1713	2119
1507	349	1978
1508	
1509	416	1513	1963
1510	465	469	685	866	1500
1511	206	404
1512	455	461	1608	2042
1513	416	464	571	772	1089	1117	1511	1513	1623	1701	1963
1514	1484
1515	
1516	469	685	866	1258	1500	1510
1517	2176
1518	42	89	111	226	383	447	481	1518	2026	2101	2122
1519	82	1327	2187
1520	54	98	797	798	1636
1521	564	2153
1522	245
1523	462	1673	1677
1524	1987
1525	2119
1526	
1527	1526	1530	1916
1528	1528	1944
1529	1670	1800
1530	1526	1527	1916
1531	313	1758
1532	402	588	1588	1955
1533	
1534	97	962	1271	1534	1793	1827
1535	241	449	451	460	461	735
1536	1037	1922
1537	
1538	241	285	286	302	396	449	457	460	461	546	571	597	633	1332	1538	1656
1539	54	1538	1539
1540	1540
1541	
1542	
1543	
1544	416
1545	1546	1553
1546	1545	1546	1553
1547	1987
1548	102	2085
1549	390	451	460	505
1550	1994	1995	2173
1551	1327	1369	1634	2187
1552	1327	1369	1551	1552	1634
1553	
1554	1738
1555	1555
1556	1431
1557	1987
1558	1558
1559	1426	1939
1560	292	2054
1561	1026	1412	1474
1562	
1563	
1564	332	1575
1565	2157
1566	
1567	2011	2012
1568	1568	1795
1569	
1570	611	1569
1571	1584
1572	89	420	1993
1573	457	597	2120
1574	1691
1575	46	163	335
1576	
1577	82	1588
1578	
1579	82	1577	1579
1580	19	520	599
1581	1037	1739
1582	269	1882
1583	1499	1888
1584	1569	1570
1585	2138
1586	523	2097
1587	1499	1660	1888
1588	82	209	352	362	516	561	880	1097	1304	1305	1315	1348	1588
1589	209	352	880	1304	1315	1348	1588	1589	1676
1590	1590	2175
1591	97	114	168	193	238	311	694	705	763	765	795	890	956	962	1002	1026	1069	1161	1162	1371	1446	1487	1492	1497	1533	1543	1591	1621	1774	1793	1827	1975	2029	2148	2160
1592	
1593	1502
1594	349	1794
1595	
1596	
1597	818	1992
1598	1563
1599	1160	1599	1971
1600	465	469
1601	56	1605	1744	1830
1602	282	1692	1911
1603	1759	1817
1604	1613
1605	59	542	1605	1751	2109
1606	14	469	611	1592	1606	1681
1607	614
1608	60	346	2024
1609	496	2054
1610	87	318	507	864	1883
1611	1894
1612	705	1793	1827
1613	
1614	1412
1615	1028
1616	281	596	1658
1617	
1618	352	463	573	2109
1619	1454
1620	1630
1621	1827
1622	1890
1623	416	1963
1624	1738
1625	31	449	460	461	1797	1892
1626	1771	1805	1808
1627	602	2077	2164
1628	460	2083
1629	97	144	1856
1630	1630
1631	2077
1632	1522	2062
1633	235	1633
1634	82	1327	1369	1551	2187
1635	584	623	1726
1636	98	232	285	597	1520	1636	1656
1637	1927
1638	
1639	
1640	2043
1641	1412
1642	2145
1643	200	2013
1644	349	460	2170
1645	1775	1826	1904	2063
1646	54	1538	1539
1647	595	1092	1432	1440	1441
1648	1595
1649	33	1426	1429	1775
1650	50	299	449	1204	1974	2033
1651	1817	1954
1652	1002	1709
1653	55	464	1089	1920	2023
1654	2134
1655	1970
1656	98
1657	1426	1775
1658	227	281	596	1658
1659	
1660	1499	1659	1660
1661	1661
1662	1562
1663	349	1664
1664	1663
1665	547	1692	1937
1666	
1667	54	1482	1483
1668	1680	1775	1826
1669	2009
1670	
1671	82	1760
1672	59	1672
1673	457
1674	1728	1911
1675	1499
1676	209	352	880	1304	1348	1589
1677	457	1523	1673
1678	128
1679	128	1994
1680	1668	1775	1826
1681	1681
1682	1775
1683	384	460	517	1977
1684	253	2168
1685	416	1513	1623	1963
1686	1754	1756	1757
1687	352	2146
1688	373	470	1674	1911
1689	703	879	1890
1690	
1691	1574
1692	817	1937
1693	332	333	335	349	1062	1693	1698
1694	1994
1695	220	1738
1696	
1697	1545
1698	
1699	1639
1700	89	520
1701	167	352	416	515	529	1088	1304	1348	1355	1513	1807	1963	1966	2104
1702	102	128	223	495	496	1548	2085
1703	373	2166
1704	702	1227
1705	185	260	702	896	1704	1710
1706	1704	1705	1710
1707	2049
1708	1480	1501
1709	
1710	130	2186
1711	1711
1712	1831
1713	
1714	1513
1715	1372	2134	2140
1716	609	610	1686
1717	1204	1650	1974	2033
1718	1177
1719	
1720	1590
1721	245	1522	2064
1722	
1723	1831
1724	1026	1591	1793	1858
1725	1265
1726	
1727	2078
1728	373
1729	232	1656
1730	1784
1731	1659	1660
1732	373
1733	373	376	464	1732
1734	1631	2077
1735	154
1736	1916
1737	602	2164
1738	
1739	951
1740	245	1522
1741	1696	1889
1742	
1743	2120
1744	1605	1751
1745	226	227	281	383	386	408	467	596	1658	1745
1746	1478
1747	460
1748	
1749	1545	1546	1553
1750	
1751	59
1752	1746
1753	348	1753	1992
1754	
1755	
1756	1686	1754	1757	1905	2159
1757	1576
1758	313
1759	763	962	1026	1360	1487	1526	1591	1724	1759	1811	1856	1863	2130
1760	
1761	1770
1762	352	353
1763	1431
1764	1827
1765	1984	2064
1766	1799
1767	1086	1578
1768	1976
1769	816	1580	1800
1770	1761	1770
1771	1805	1808
1772	1625	1797	1828	1892
1773	896	1690	1923
1774	
1775	1426	1775
1776	373	1732
1777	237
1778	1239	2011
1779	1590	1720	2175
1780	1455	1998
1781	1086	1787
1782	611	2120
1783	1542
1784	
1785	611
1786	213	1265
1787	1725	1786
1788	
1789	1839
1790	111	130	2200
1791	517
1792	517	629	1307
1793	1026	1412	1938
1794	1794
1795	
1796	1495	1496	1796	1799
1797	48	98	385	449	457	460	461	2032
1798	
1799	1476	1478	1490	1495	1496	1796	1799
1800	481	1580	1670
1801	1625	1772	1797	1892
1802	1968
1803	
1804	1805	1808
1805	1804	1805	1808
1806	1869
1807	
1808	1808
1809	235	1633
1810	311	765	1863
1811	962	1487	1759
1812	1639
1813	1836
1814	1647
1815	722	1163	1967
1816	
1817	1591	1759	1793	1858	1954
1818	2	12	59	66	70	128	261	352	390	405	407	449	457	460	464	470	647	700	830	960	968	1053	1117	1149	1172	1228	1304	1342	1355	1920	2062
1819	103	1837	1838
1820	2198
1821	1748
1822	1028	1753	1852	1880	2084
1823	448
1824	1938
1825	818	1874
1826	1775
1827	1161	1827
1828	1625
1829	209	1339	1989
1830	542
1831	104
1832	1177	2177
1833	128	495	496
1834	111
1835	335
1836	517
1837	
1838	
1839	
1840	705	791	962
1841	1124
1842	1659
1843	1590	2175
1844	
1845	70	1844	2030
1846	1934
1847	
1848	1793
1849	1412	1612	1793
1850	119
1851	1827
1852	430	1089	1177	1178	1356	1753	1852	1992	1993	1996	2123
1853	2129
1854	18	200	1470	1471
1855	349	1571
1856	1026	1793	1858
1857	496
1858	238	1026	1045	1440	1533	1759	1793	1856	1858	1870
1859	1859
1860	1847
1861	
1862	59	282	1987
1863	496	765	935	1511
1864	1869
1865	168	322	1045	1851	1865	2148
1866	1840	1848	1849	1851	1856
1867	1555
1868	1839
1869	906	1864
1870	1045	1851	1865	2148
1871	
1872	1505	2113
1873	119
1874	1992
1875	
1876	59	1057	1871	1875	1876
1877	119	1873
1878	1901
1879	1503	1504
1880	1043	1881
1881	1043
1882	898
1883	
1884	924	1955
1885	1891
1886	
1887	1095	1887	2158
1888	
1889	
1890	
1891	1891
1892	51	241	251	460	605	788
1893	349	1698
1894	1611
1895	1639
1896	260	2117	2134
1897	131	2010
1898	430	877	1028
1899	1819
1900	1803
1901	89
1902	609	610	1686	2174
1903	
1904	1775
1905	184	1757
1906	2064
1907	292	2053	2054	2055
1908	1908	1910
1909	496	611	1909
1910	
1911	60	1602	1674
1912	66	390	400	449	461	462	2038	2163
1913	1360	1412	2130	2133
1914	2202
1915	903	1916
1916	43	584	1916	2168
1917	59	1953
1918	611	2113
1919	
1920	348	362	898	1088	1089	1097	1588
1921	550	1753
1922	951	1922
1923	71	167	216	352	397	1251
1924	167	352	1095	1348
1925	2210
1926	1666	1984	2064
1927	1065	1327
1928	1067
1929	
1930	186	331	1475
1931	496	1701
1932	1916
1933	373	452	1937	2016
1934	379	447	520	547	1118	1121	1122	1214
1935	2057
1936	2072
1937	547	1692
1938	
1939	
1940	1432	1639	1785
1941	707	1369	1508
1942	1804	1805	2181
1943	1590	1720
1944	242	348	349	352	359	830	855	1006	1039	1083	1088	1089	1093	1094	1095	1097	1251	1920	1923	1924
1945	68	384
1946	209	348	2134
1947	476
1948	475	476	1239	1272
1949	749	1950
1950	749	1949
1951	1590	2175
1952	387	406	1682	1952
1953	496
1954	763	1487	1591	1759	1817
1955	402	1532	2102
1956	562	1337
1957	1672
1958	
1959	496	2054	2188
1960	282	1987
1961	29	59	60	1830
1962	420	1993
1963	409	538
1964	
1965	2179
1966	416	1623	1966
1967	1815	1967
1968	476	1239	1948
1969	99	101	104	1596
1970	
1971	1599
1972	
1973	1204
1974	299	400	410	1135	1204	2033
1975	
1976	1644
1977	396	1369	1558	2088
1978	1698
1979	2180
1980	349
1981	543	1124	1431	1841	1949
1982	543	1124	1431	1841	1949
1983	1590	1951	2060
1984	1765	2064
1985	
1986	1265	1788
1987	93
1988	292	2054	2055
1989	1369
1990	1177	2122
1991	50	346	647	1922	2033
1992	818
1993	260	1964
1994	
1995	241	557	2163
1996	348	1597	1992
1997	
1998	1086	1455
1999	1859
2000	2164
2001	75
2002	332	1564
2003	2088
2004	2119
2005	56	460	760	1747
2006	1097	1920	1924
2007	1864	1869
2008	200	2013
2009	
2010	349
2011	
2012	1239	2011
2013	
2014	128	543	749	1078	1124	1431	1841
2015	722	860	1755
2016	373	376
2017	33	38
2018	565	1647
2019	1843	1943	2060
2020	
2021	1958
2022	203	267	349	351	470	525	624	714	788	880	1010	1011	1086	1093	1095	1265	1287
2023	352	362	1089	1093	1095	1097	1589
2024	
2025	185
2026	115	265	520	547	2026	2027	2101
2027	2026
2028	1491
2029	
2030	70	1082	1844	1845
2031	460
2032	448	2032	2093
2033	50
2034	481	520	1121	1846
2035	241	2031	2035
2036	1827
2037	1754	1905
2038	460	461
2039	1545	1546	1750
2040	816	1541
2041	1369	2141
2042	460	461	468	2038	2042
2043	2120
2044	42	111	352	1518	2044
2045	1590	2045
2046	523	912	1947	1948
2047	1648
2048	1177	1992
2049	
2050	46
2051	1738
2052	1595
2053	292	1907	2054	2055
2054	292
2055	2053	2054
2056	496	1857
2057	
2058	1274	1384
2059	292	496	2054
2060	1590	1943	2175
2061	303	1841	1949	1950
2062	264	373	429	464	2026	2143
2063	1426	1939
2064	2064
2065	59	254	1124	1841	1950
2066	402	1532	1588	1955	2099
2067	1663	1664
2068	1617
2069	2081
2070	1886
2071	1861
2072	
2073	119	1784
2074	1869
2075	2194
2076	213	1265	1578	1725	1786
2077	602
2078	349	396	563	899	904	1727	2043
2079	2106
2080	60	630
2081	
2082	1388	1794
2083	451	460	461	605	693	1747
2084	1083	1177
2085	128	496
2086	561	2185
2087	1859
2088	111	130
2089	476	497	513	1239	1272	2117
2090	1476	1496	1796
2091	227	281	1658
2092	420	1962	1993
2093	
2094	469
2095	1543
2096	42	185	352	379	520	1101	1118	2096	2101
2097	
2098	352	561	1618
2099	
2100	
2101	204	709	1246	2096	2101
2102	402	588	1265	1588	1955
2103	543	1124
2104	1827	1966	2104
2105	1777
2106	50
2107	476	497	2089
2108	1515
2109	2109
2110	1590	1943	2060
2111	830	1798	1923	1944
2112	79	2190
2113	
2114	42	111	1514	1518
2115	1972
2116	333	335	1431	1796
2117	82	1760
2118	
2119	70	348	475	773	1088	2117
2120	71	449	461	904	2043	2120
2121	1898
2122	
2123	1753	1852	1993	1996
2124	79
2125	352	516	1923
2126	335	1893
2127	1078	2014	2103
2128	
2129	588	773	898	1088	1845	2119
2130	763	795	956	1002	1120	1237	1487	1793	1856	2133
2131	1161	1827
2132	2154
2133	137
2134	
2135	1718	1719
2136	1919
2137	
2138	
2139	
2140	1722
2141	1369
2142	185	1043	1177
2143	373	1038	2062
2144	1638
2145	
2146	209	352	561	1304	1355	1924
2147	1743
2148	1903
2149	2138
2150	1537
2151	1989
2152	460	605	2083	2152
2153	
2154	
2155	2118
2156	1670	1800
2157	267	376	481	525	812	813	1010	1011	2157
2158	2158
2159	
2160	311
2161	2029	2161
2162	1545	2039
2163	
2164	602
2165	1823
2166	
2167	2159
2168	376	547	1121
2169	59	1987
2170	1644
2171	2150
2172	1989
2173	349	396	461	693	2163
2174	1686
2175	
2176	
2177	1484
2178	154	584	1735
2179	1965
2180	
2181	
2182	2128
2183	206	404	1511
2184	384	460	517	1977
2185	997	2185
2186	130	2088
2187	1327
2188	496
2189	1097	1315	1589	1676	1920
2190	79
2191	81	128	2128
2192	62	1548
2193	38	1929
2194	
2195	1700
2196	81	749	2128
2197	1487	1533	1534	1824
2198	1644
2199	1458
2200	
2201	1682
2202	1466	2050
2203	547	2203
2204	1847	1860
2205	722	2148
2206	1161	1812
2207	168	1975
2208	1487	1533	1534	1824
2209	
2210	
