0	0
1	2
2	2
3	0
4	0
5	0
6	2
7	0
8	2
9	1
10	1
11	2
12	0
13	1
14	2
15	2
16	2
17	1
18	0
19	0
20	0
21	0
22	2
23	0
24	0
25	1
26	0
27	2
28	2
29	0
30	0
31	2
32	0
33	0
34	0
35	2
36	0
37	1
38	0
39	0
40	1
41	0
42	0
43	2
44	3
45	0
46	0
47	0
48	0
49	2
50	1
51	0
52	0
53	0
54	0
55	0
56	0
57	2
58	2
59	0
60	0
61	0
62	0
63	2
64	0
65	0
66	0
67	0
68	2
69	0
70	2
71	2
72	0
73	2
74	1
75	0
76	0
77	0
78	0
79	2
80	2
81	2
82	0
83	0
84	1
85	3
86	0
87	0
88	2
89	0
90	2
91	0
92	0
93	0
94	1
95	0
96	1
97	0
98	2
99	0
100	0
101	0
102	0
103	0
104	0
105	1
106	0
107	0
108	2
109	0
110	0
111	0
112	0
113	0
114	2
115	0
116	1
117	0
118	2
119	0
120	0
121	0
122	0
123	0
124	0
125	0
126	0
127	1
128	0
129	0
130	0
131	0
132	2
133	0
134	0
135	0
136	1
137	2
138	2
139	0
140	0
141	1
142	0
143	0
144	2
145	0
146	0
147	0
148	0
149	0
150	0
151	1
152	1
153	2
154	0
155	0
156	0
157	0
158	0
159	0
160	0
161	2
162	2
163	0
164	0
165	2
166	2
167	0
168	0
169	0
170	0
171	0
172	0
173	0
174	0
175	0
176	0
177	2
178	0
179	0
180	2
181	0
182	0
183	2
184	2
185	2
186	1
187	1
188	2
189	0
190	2
191	1
192	0
193	0
194	0
195	1
196	0
197	0
198	0
199	0
200	0
201	2
202	0
203	2
204	0
205	2
206	2
207	0
208	3
209	2
210	0
211	0
212	3
213	0
214	0
215	2
216	2
217	2
218	1
219	0
220	2
221	0
222	0
223	0
224	1
225	0
226	2
227	0
228	2
229	2
230	0
231	1
232	0
233	2
234	0
235	0
236	0
237	0
238	2
239	2
240	2
241	2
242	0
243	0
244	0
245	0
246	0
247	0
248	0
249	0
250	2
251	0
252	2
253	0
254	1
255	2
256	0
257	0
258	0
259	0
260	0
261	1
262	3
263	2
264	2
265	1
266	2
267	2
268	0
269	2
270	2
271	0
272	2
273	2
274	0
275	1
276	0
277	0
278	2
279	0
280	0
281	1
282	0
283	2
284	0
285	1
286	0
287	2
288	0
289	0
290	2
291	2
292	0
293	2
294	0
295	0
296	0
297	2
298	0
299	2
300	1
301	0
302	2
303	1
304	2
305	2
306	0
307	2
308	0
309	0
310	2
311	2
312	2
313	0
314	2
315	2
316	2
317	0
318	0
319	0
320	0
321	0
322	0
323	0
324	0
325	1
326	0
327	2
328	1
329	0
330	0
331	0
332	2
333	0
334	2
335	2
336	0
337	0
338	0
339	0
340	0
341	0
342	0
343	2
344	2
345	2
346	0
347	0
348	0
349	0
350	2
351	0
352	2
353	1
354	2
355	0
356	0
357	2
358	0
359	0
360	0
361	2
362	0
363	0
364	2
365	2
366	0
367	0
368	0
369	2
370	1
371	2
372	2
373	0
374	0
375	0
376	3
377	0
378	2
379	2
380	0
381	0
382	0
383	0
384	0
385	0
386	2
387	0
388	0
389	0
390	0
391	0
392	0
393	2
394	2
395	0
396	2
397	2
398	2
399	0
400	0
401	2
402	0
403	2
404	0
405	1
406	0
407	0
408	0
409	2
410	0
411	0
412	0
413	0
414	0
415	0
416	2
417	0
418	1
419	2
420	1
421	0
422	0
423	0
424	2
425	0
426	2
427	0
428	0
429	0
430	0
431	0
432	0
433	0
434	0
435	0
436	2
437	0
438	2
439	2
440	0
441	2
442	2
443	0
444	1
445	0
446	0
447	0
448	2
449	0
450	0
451	0
452	0
453	3
454	2
455	1
456	0
457	2
458	0
459	0
460	0
461	0
462	2
463	0
464	0
465	0
466	1
467	2
468	0
469	2
470	0
471	2
472	1
473	0
474	0
475	0
476	1
477	1
478	0
479	1
480	0
481	0
482	0
483	0
484	2
485	2
486	0
487	2
488	2
489	0
490	0
491	2
492	2
493	0
494	2
495	1
496	0
497	2
498	0
499	1
500	2
501	2
502	2
503	1
504	0
505	0
506	2
507	0
508	0
509	0
510	0
511	2
512	0
513	0
514	2
515	2
516	2
517	0
518	2
519	0
520	1
521	2
522	2
523	0
524	2
525	0
526	2
527	0
528	2
529	2
530	1
531	0
532	2
533	0
534	2
535	0
536	2
537	0
538	2
539	0
540	1
541	0
542	0
543	0
544	0
545	0
546	0
547	2
548	0
549	0
550	0
551	0
552	2
553	0
554	2
555	2
556	0
557	0
558	2
559	2
560	2
561	2
562	2
563	0
564	0
565	0
566	2
567	1
568	0
569	2
570	0
571	0
572	0
573	2
574	2
575	0
576	0
577	0
578	3
579	0
580	0
581	0
582	0
583	1
584	2
585	2
586	0
587	0
588	0
589	0
590	0
591	0
592	0
593	0
594	2
595	2
596	0
597	0
598	1
599	2
600	0
601	2
602	2
603	1
604	0
605	2
606	3
607	2
608	0
609	0
610	2
611	2
612	2
613	0
614	2
615	2
616	0
617	2
618	2
619	2
620	0
621	0
622	0
623	0
624	0
625	0
626	0
627	0
628	0
629	0
630	1
631	1
632	2
633	0
634	0
635	0
636	0
637	0
638	0
639	0
640	0
641	0
642	2
643	0
644	0
645	2
646	1
647	1
648	0
649	0
650	0
651	0
652	0
653	2
654	0
655	0
656	0
657	0
658	0
659	2
660	2
661	2
662	2
663	0
664	3
665	2
666	0
667	0
668	0
669	0
670	0
671	0
672	0
673	0
674	0
675	2
676	0
677	2
678	2
679	0
680	0
681	0
682	0
683	1
684	0
685	2
686	2
687	0
688	2
689	2
690	0
691	0
692	1
693	0
694	3
695	0
696	2
697	2
698	0
699	2
700	0
701	1
702	0
703	0
704	0
705	2
706	2
707	0
708	2
709	0
710	0
711	2
712	0
713	0
714	0
715	0
716	1
717	1
718	0
719	0
720	0
721	0
722	1
723	2
724	0
725	0
726	2
727	2
728	0
729	0
730	2
731	1
732	0
733	2
734	0
735	1
736	2
737	0
738	0
739	0
740	2
741	0
742	0
743	0
744	2
745	0
746	0
747	0
748	0
749	2
750	2
751	1
752	0
753	3
754	0
755	2
756	0
757	2
758	2
759	0
760	2
761	1
762	2
763	2
764	0
765	0
766	2
767	0
768	1
769	2
770	2
771	1
772	3
773	0
774	2
775	0
776	0
777	0
778	0
779	2
780	2
781	2
782	1
783	2
784	2
785	0
786	0
787	2
788	2
789	0
790	2
791	2
792	2
793	2
794	0
795	2
796	0
797	2
798	2
799	0
800	0
801	0
802	3
803	0
804	2
805	0
806	0
807	2
808	1
809	2
810	1
811	2
812	2
813	2
814	0
815	1
816	0
817	2
818	0
819	0
820	0
821	0
822	2
823	0
824	0
825	0
826	0
827	2
828	0
829	2
830	2
831	0
832	0
833	0
834	2
835	0
836	2
837	0
838	2
839	2
840	2
841	2
842	0
843	0
844	2
845	2
846	0
847	2
848	2
849	2
850	0
851	2
852	0
853	1
854	0
855	0
856	2
857	0
858	2
859	2
860	2
861	2
862	0
863	0
864	2
865	2
866	0
867	2
868	2
869	0
870	0
871	0
872	2
873	0
874	0
875	0
876	0
877	0
878	0
879	0
880	2
881	2
882	2
883	2
884	2
885	0
886	2
887	0
888	0
889	0
890	0
891	2
892	2
893	2
894	2
895	0
896	0
897	0
898	0
899	2
900	2
901	3
902	3
903	2
904	2
905	0
906	3
907	2
908	3
909	0
910	0
911	2
912	1
913	2
914	0
915	2
916	3
917	0
918	1
919	0
920	0
921	2
922	0
923	0
924	0
925	0
926	2
927	2
928	3
929	1
930	2
931	0
932	2
933	0
934	2
935	0
936	0
937	0
938	2
939	2
940	0
941	2
942	2
943	2
944	2
945	0
946	3
947	2
948	0
949	2
950	0
951	2
952	2
953	2
954	0
955	0
956	0
957	3
958	2
959	0
960	0
961	2
962	2
963	0
964	2
965	2
966	0
967	2
968	0
969	2
970	2
971	0
972	0
973	2
974	2
975	2
976	0
977	0
978	2
979	0
980	0
981	0
982	3
983	0
984	2
985	2
986	2
987	2
988	2
989	1
990	0
991	0
992	2
993	0
994	2
995	0
996	0
997	2
998	2
999	2
1000	2
1001	2
1002	2
1003	0
1004	2
1005	0
1006	0
1007	3
1008	0
1009	2
1010	2
1011	0
1012	0
1013	2
1014	0
1015	0
1016	1
1017	0
1018	0
1019	2
1020	0
1021	0
1022	2
1023	0
1024	2
1025	2
1026	2
1027	0
1028	0
1029	2
1030	0
1031	0
1032	2
1033	0
1034	2
1035	2
1036	3
1037	2
1038	0
1039	0
1040	2
1041	0
1042	2
1043	1
1044	2
1045	0
1046	2
1047	0
1048	2
1049	0
1050	2
1051	0
1052	2
1053	2
1054	0
1055	0
1056	2
1057	2
1058	0
1059	0
1060	1
1061	2
1062	2
1063	2
1064	0
1065	2
1066	2
1067	0
1068	0
1069	0
1070	0
1071	0
1072	0
1073	2
1074	1
1075	2
1076	2
1077	0
1078	2
1079	0
1080	2
1081	0
1082	2
1083	2
1084	0
1085	0
1086	2
1087	0
1088	2
1089	0
1090	1
1091	2
1092	0
1093	2
1094	0
1095	0
1096	2
1097	2
1098	2
1099	2
1100	0
1101	2
1102	2
1103	2
1104	0
1105	0
1106	0
1107	2
1108	0
1109	2
1110	2
1111	0
1112	0
1113	0
1114	2
1115	2
1116	0
1117	0
1118	2
1119	2
1120	1
1121	0
1122	3
1123	3
1124	0
1125	2
1126	2
1127	2
1128	2
1129	0
1130	0
1131	1
1132	2
1133	0
1134	0
1135	1
1136	2
1137	2
1138	0
1139	2
1140	2
1141	2
1142	3
1143	0
1144	2
1145	2
1146	2
1147	0
1148	0
1149	2
1150	1
1151	0
1152	0
1153	2
1154	0
1155	2
1156	2
1157	2
1158	0
1159	0
1160	2
1161	0
1162	0
1163	2
1164	2
1165	0
1166	0
1167	0
1168	2
1169	2
1170	0
1171	0
1172	1
1173	0
1174	0
1175	2
1176	1
1177	0
1178	0
1179	2
1180	0
1181	1
1182	0
1183	0
1184	2
1185	1
1186	1
1187	2
1188	0
1189	0
1190	0
1191	0
1192	0
1193	0
1194	0
1195	2
1196	0
1197	2
1198	0
1199	0
1200	2
1201	2
1202	0
1203	0
1204	2
1205	0
1206	2
1207	0
1208	2
1209	0
1210	0
1211	1
1212	0
1213	0
1214	2
1215	0
1216	1
1217	0
1218	0
1219	1
1220	2
1221	2
1222	0
1223	1
1224	2
1225	0
1226	0
1227	0
1228	2
1229	1
1230	2
1231	0
1232	2
1233	2
1234	0
1235	0
1236	2
1237	0
1238	0
1239	2
1240	0
1241	0
1242	0
1243	0
1244	2
1245	2
1246	0
1247	0
1248	0
1249	0
1250	0
1251	2
1252	1
1253	2
1254	0
1255	0
1256	2
1257	2
1258	0
1259	1
1260	2
1261	1
1262	0
1263	1
1264	0
1265	0
1266	0
1267	0
1268	0
1269	0
1270	0
1271	2
1272	2
1273	1
1274	0
1275	0
1276	0
1277	2
1278	0
1279	2
1280	0
1281	2
1282	0
1283	0
1284	0
1285	0
1286	2
1287	0
1288	2
1289	0
1290	0
1291	0
1292	2
1293	2
1294	0
1295	0
1296	0
1297	0
1298	0
1299	0
1300	0
1301	2
1302	0
1303	2
1304	0
1305	0
1306	0
1307	0
1308	0
1309	2
1310	0
1311	0
1312	0
1313	0
1314	0
1315	0
1316	2
1317	2
1318	0
1319	2
1320	2
1321	0
1322	0
1323	0
1324	0
1325	1
1326	2
1327	1
1328	2
1329	0
1330	0
1331	0
1332	2
1333	0
1334	0
1335	0
1336	0
1337	2
1338	2
1339	0
1340	2
1341	0
1342	0
1343	0
1344	0
1345	2
1346	0
1347	0
1348	0
1349	0
1350	0
1351	0
1352	2
1353	2
1354	0
1355	0
1356	2
1357	0
1358	0
1359	0
1360	0
1361	1
1362	2
1363	0
1364	0
1365	0
1366	2
1367	2
1368	2
1369	2
1370	0
1371	0
1372	2
1373	1
1374	0
1375	0
1376	0
1377	0
1378	2
1379	0
1380	2
1381	0
1382	2
1383	2
1384	0
1385	2
1386	0
1387	0
1388	0
1389	0
1390	0
1391	0
1392	0
1393	0
1394	2
1395	0
1396	1
1397	1
1398	2
1399	0
1400	0
1401	2
1402	0
1403	0
1404	2
1405	0
1406	0
1407	0
1408	2
1409	0
1410	0
1411	0
1412	0
1413	0
1414	0
1415	0
1416	1
1417	2
1418	0
1419	0
1420	0
1421	1
1422	2
1423	0
1424	2
1425	0
1426	0
1427	0
1428	0
1429	0
1430	0
1431	0
1432	0
1433	0
1434	0
1435	0
1436	0
1437	2
1438	2
1439	2
1440	0
1441	2
1442	2
1443	1
1444	0
1445	0
1446	2
1447	0
1448	2
1449	2
1450	0
1451	2
1452	2
1453	0
1454	2
1455	0
1456	0
1457	2
1458	2
1459	0
1460	0
1461	0
1462	3
1463	0
1464	0
1465	0
1466	2
1467	0
1468	1
1469	2
1470	0
1471	0
1472	0
1473	0
1474	1
1475	2
1476	2
1477	2
1478	0
1479	2
1480	0
1481	2
1482	0
1483	2
1484	0
1485	2
1486	0
1487	0
1488	0
1489	2
1490	1
1491	2
1492	2
1493	0
1494	0
1495	0
1496	0
1497	0
1498	1
1499	2
1500	2
1501	1
1502	2
1503	0
1504	2
1505	3
1506	0
1507	2
1508	0
1509	2
1510	0
1511	0
1512	0
1513	0
1514	2
1515	0
1516	0
1517	2
1518	2
1519	2
1520	0
1521	0
1522	0
1523	0
1524	0
1525	3
1526	0
1527	0
1528	0
1529	2
1530	1
1531	0
1532	0
1533	2
1534	1
1535	0
1536	1
1537	0
1538	2
1539	1
1540	0
1541	2
1542	1
1543	0
1544	0
1545	0
1546	2
1547	0
1548	0
1549	2
1550	0
1551	2
1552	2
1553	2
1554	0
1555	2
1556	2
1557	2
1558	0
1559	1
1560	2
1561	0
1562	2
1563	2
1564	1
1565	1
1566	0
1567	0
1568	0
1569	2
1570	0
1571	2
1572	0
1573	0
1574	0
1575	0
1576	0
1577	0
1578	1
1579	0
1580	0
1581	0
1582	0
1583	0
1584	2
1585	0
1586	2
1587	2
1588	0
1589	2
1590	0
1591	0
1592	2
1593	3
1594	0
1595	3
1596	2
1597	0
1598	2
1599	0
1600	0
1601	0
1602	2
1603	0
1604	0
1605	0
1606	0
1607	0
1608	0
1609	0
1610	1
1611	0
1612	2
1613	2
1614	0
1615	1
1616	0
1617	2
1618	0
1619	0
1620	0
1621	2
1622	2
1623	2
1624	2
1625	0
1626	1
1627	0
1628	2
1629	2
1630	1
1631	0
1632	0
1633	0
1634	0
1635	0
1636	0
1637	0
1638	0
1639	0
1640	0
1641	0
1642	0
1643	2
1644	1
1645	1
1646	2
1647	2
1648	0
1649	0
1650	0
1651	0
1652	0
1653	0
1654	0
1655	0
1656	0
1657	0
1658	2
1659	0
1660	2
1661	2
1662	0
1663	0
1664	2
1665	0
1666	0
1667	0
1668	0
1669	1
1670	0
1671	2
1672	2
1673	2
1674	0
1675	2
1676	1
1677	0
1678	2
1679	0
1680	1
1681	0
1682	1
1683	0
1684	0
1685	2
1686	0
1687	2
1688	0
1689	2
1690	2
1691	0
1692	0
1693	2
1694	0
1695	2
1696	1
1697	0
1698	0
1699	2
1700	2
1701	2
1702	0
1703	0
1704	0
1705	2
1706	2
1707	0
1708	0
1709	2
1710	0
1711	2
1712	0
1713	0
1714	0
1715	0
1716	0
1717	0
1718	2
1719	2
1720	0
1721	0
1722	0
1723	0
1724	0
1725	0
1726	0
1727	2
1728	2
1729	2
1730	2
1731	0
1732	0
1733	0
1734	0
1735	0
1736	2
1737	0
1738	0
1739	0
1740	2
1741	0
1742	0
1743	1
1744	0
1745	2
1746	0
1747	2
1748	0
1749	0
1750	2
1751	0
1752	0
1753	2
1754	0
1755	0
1756	2
1757	0
1758	2
1759	0
1760	0
1761	0
1762	2
1763	2
1764	0
1765	2
1766	0
1767	2
1768	2
1769	0
1770	0
1771	1
1772	0
1773	2
1774	0
1775	0
1776	0
1777	2
1778	0
1779	0
1780	0
1781	2
1782	0
1783	0
1784	2
1785	0
1786	0
1787	0
1788	0
1789	2
1790	0
1791	2
1792	1
1793	3
1794	0
1795	2
1796	2
1797	0
1798	0
1799	0
1800	2
1801	0
1802	2
1803	0
1804	2
1805	0
1806	0
1807	3
1808	0
1809	1
1810	0
1811	2
1812	2
1813	0
1814	2
1815	2
1816	0
1817	0
1818	2
1819	2
1820	2
1821	0
1822	0
1823	0
1824	0
1825	0
1826	2
1827	0
1828	1
1829	0
1830	0
1831	0
1832	2
1833	0
1834	0
1835	0
1836	1
1837	2
1838	2
1839	0
1840	2
1841	2
1842	0
1843	0
1844	2
1845	0
1846	0
1847	0
1848	0
1849	0
1850	0
1851	2
1852	2
1853	1
1854	0
1855	0
1856	0
1857	2
1858	0
1859	2
1860	0
1861	2
1862	2
1863	2
1864	0
1865	0
1866	2
1867	0
1868	2
1869	2
1870	0
1871	2
1872	2
1873	2
1874	2
1875	2
1876	2
1877	2
1878	0
1879	0
1880	0
1881	2
1882	2
1883	0
1884	0
1885	0
1886	0
1887	2
1888	0
1889	0
1890	2
1891	0
1892	2
1893	1
1894	0
1895	0
1896	0
1897	2
1898	0
1899	2
1900	0
1901	2
1902	2
1903	0
1904	0
1905	0
1906	0
1907	2
1908	0
1909	2
1910	2
1911	0
1912	2
1913	0
1914	2
1915	1
1916	0
1917	0
1918	0
1919	2
1920	0
1921	2
1922	0
1923	0
1924	2
1925	0
1926	2
1927	0
1928	2
1929	0
1930	2
1931	0
1932	0
1933	2
1934	1
1935	1
1936	0
1937	0
1938	1
1939	0
1940	1
1941	0
1942	0
1943	2
1944	0
1945	0
1946	0
1947	0
1948	0
1949	0
1950	2
1951	1
1952	0
1953	2
1954	0
1955	0
1956	1
1957	0
1958	2
1959	0
1960	0
1961	0
1962	0
1963	0
1964	2
1965	2
1966	0
1967	0
1968	0
1969	0
1970	0
1971	0
1972	0
1973	0
1974	2
1975	0
1976	0
1977	0
1978	0
1979	0
1980	0
1981	2
1982	2
1983	0
1984	0
1985	0
1986	0
1987	2
1988	0
1989	0
1990	0
1991	0
1992	1
1993	1
1994	2
1995	1
1996	1
1997	2
1998	0
1999	2
2000	2
2001	0
2002	0
2003	2
2004	0
2005	2
2006	0
2007	0
2008	0
2009	0
2010	2
2011	0
2012	2
2013	0
2014	0
2015	0
2016	0
2017	0
2018	0
2019	0
2020	2
2021	0
2022	0
2023	0
2024	2
2025	2
2026	0
2027	2
2028	1
2029	0
2030	2
2031	2
2032	1
2033	2
2034	0
2035	0
2036	1
2037	0
2038	1
2039	2
2040	2
2041	2
2042	2
2043	0
2044	0
2045	1
2046	2
2047	0
2048	0
2049	1
2050	0
2051	2
2052	0
2053	2
2054	2
2055	2
2056	0
2057	2
2058	2
2059	2
2060	2
2061	2
2062	2
2063	0
2064	2
2065	0
2066	2
2067	0
2068	0
2069	2
2070	2
2071	0
2072	0
2073	2
2074	3
2075	2
2076	2
2077	2
2078	2
2079	2
2080	0
2081	2
2082	2
2083	0
2084	0
2085	1
2086	2
2087	2
2088	3
2089	0
2090	2
2091	3
2092	0
2093	2
2094	0
2095	2
2096	2
2097	0
2098	0
2099	2
2100	2
2101	0
2102	2
2103	2
2104	2
2105	2
2106	0
2107	0
2108	3
2109	0
2110	0
2111	0
2112	0
2113	0
2114	0
2115	0
2116	2
2117	0
2118	0
2119	2
2120	0
2121	0
2122	2
2123	2
2124	0
2125	0
2126	3
2127	2
2128	0
2129	2
2130	2
2131	2
2132	2
2133	0
2134	0
2135	2
2136	0
2137	0
2138	2
2139	2
2140	0
2141	2
2142	2
2143	0
2144	2
2145	0
2146	2
2147	0
2148	2
2149	0
2150	2
2151	0
2152	2
2153	2
2154	0
2155	2
2156	0
2157	0
2158	2
2159	2
2160	2
2161	2
2162	0
2163	0
2164	2
2165	0
2166	0
2167	2
2168	0
2169	0
2170	3
2171	2
2172	2
2173	2
2174	2
2175	0
2176	2
2177	0
2178	2
2179	2
2180	0
2181	0
2182	1
2183	2
2184	0
2185	3
2186	3
2187	2
2188	0
2189	0
2190	2
2191	0
2192	2
2193	2
2194	2
2195	2
2196	2
2197	1
2198	0
2199	2
2200	2
2201	2
2202	0
2203	2
2204	2
2205	2
2206	2
2207	0
2208	1
2209	0
2210	0
2211	1
2212	0
2213	1
2214	0
2215	2
2216	2
2217	2
2218	0
2219	2
2220	2
2221	0
2222	2
2223	2
2224	2
2225	3
2226	2
2227	0
2228	0
2229	0
2230	2
2231	0
2232	3
2233	0
2234	0
2235	2
2236	2
2237	2
2238	0
2239	0
2240	2
2241	0
2242	0
2243	0
2244	0
2245	2
2246	0
2247	2
2248	0
2249	2
2250	2
2251	0
2252	2
2253	2
2254	0
2255	3
2256	2
2257	0
2258	0
2259	0
2260	0
2261	0
2262	0
2263	2
2264	0
2265	0
2266	0
2267	0
2268	0
2269	2
2270	2
2271	0
2272	2
2273	2
2274	2
2275	0
2276	0
2277	3
2278	2
2279	2
2280	2
2281	1
2282	0
2283	2
2284	2
2285	2
2286	2
2287	2
2288	2
2289	2
2290	0
2291	2
2292	2
2293	0
2294	2
2295	0
2296	0
2297	2
2298	2
2299	0
2300	2
2301	2
2302	0
2303	2
2304	2
2305	0
2306	2
2307	0
2308	0
2309	0
2310	0
2311	0
2312	2
2313	2
2314	2
2315	0
2316	0
2317	2
2318	0
2319	2
2320	2
2321	0
2322	0
2323	1
2324	2
2325	2
2326	2
2327	2
2328	0
2329	2
2330	1
2331	2
2332	0
2333	0
2334	0
2335	2
2336	0
2337	2
2338	0
2339	0
2340	2
2341	0
2342	3
2343	2
2344	0
2345	2
2346	3
2347	0
2348	3
2349	2
2350	0
2351	1
2352	2
2353	0
2354	0
2355	2
2356	0
2357	2
2358	0
2359	0
2360	2
2361	0
2362	0
2363	0
2364	0
2365	2
2366	0
2367	2
2368	2
2369	0
2370	0
2371	0
2372	0
2373	2
2374	2
2375	0
2376	2
2377	0
2378	0
2379	0
2380	0
2381	2
2382	2
2383	2
2384	2
2385	0
2386	2
2387	2
2388	0
2389	0
2390	0
2391	0
2392	2
2393	2
2394	0
2395	2
2396	0
2397	2
2398	2
2399	2
2400	2
2401	3
2402	3
2403	1
2404	0
2405	2
2406	2
2407	2
2408	2
2409	1
2410	2
2411	0
2412	2
2413	0
2414	0
2415	2
2416	0
2417	0
2418	2
2419	0
2420	0
2421	2
2422	2
2423	1
2424	0
2425	2
2426	0
2427	2
2428	2
2429	0
2430	0
2431	0
2432	0
2433	0
2434	0
2435	0
2436	2
2437	0
2438	2
2439	1
2440	0
2441	0
2442	0
2443	0
2444	2
2445	2
2446	0
2447	2
2448	0
2449	0
2450	0
2451	2
2452	2
2453	0
2454	2
2455	2
2456	0
2457	2
2458	0
2459	0
2460	2
2461	2
2462	0
2463	1
2464	0
2465	0
2466	2
2467	0
2468	0
2469	2
2470	0
2471	0
2472	1
2473	2
2474	0
2475	0
2476	3
2477	0
2478	0
2479	1
2480	2
2481	0
2482	1
2483	0
2484	2
2485	2
2486	0
2487	2
2488	2
2489	0
2490	2
2491	2
2492	1
2493	0
2494	0
2495	0
2496	0
2497	0
2498	2
2499	0
2500	2
2501	0
2502	0
2503	0
2504	0
2505	2
2506	2
2507	2
2508	0
2509	1
2510	0
2511	2
2512	1
2513	0
2514	2
2515	2
2516	0
2517	0
2518	1
2519	0
2520	0
2521	1
2522	0
2523	2
2524	0
2525	0
2526	2
2527	0
2528	0
2529	2
2530	2
2531	0
2532	0
2533	2
2534	0
2535	0
2536	0
2537	0
2538	0
2539	0
2540	2
2541	0
2542	2
2543	0
2544	0
2545	1
2546	0
2547	0
2548	0
2549	0
2550	0
2551	2
2552	0
2553	0
2554	0
2555	0
2556	0
2557	0
2558	0
2559	0
2560	0
2561	0
2562	0
2563	2
2564	0
2565	1
2566	0
2567	0
2568	3
2569	0
2570	0
2571	0
2572	1
2573	1
2574	2
2575	0
2576	2
2577	0
2578	0
2579	0
2580	2
2581	2
2582	1
2583	0
2584	2
2585	0
2586	2
2587	2
2588	2
2589	0
2590	0
2591	0
2592	0
2593	2
2594	0
2595	0
2596	1
2597	2
2598	2
2599	1
2600	0
2601	0
2602	0
2603	0
2604	0
2605	2
2606	0
2607	0
2608	2
2609	0
2610	0
2611	0
2612	2
2613	3
2614	0
2615	2
2616	0
2617	1
2618	0
2619	2
2620	0
2621	0
2622	0
2623	0
2624	0
2625	1
2626	0
2627	0
2628	2
2629	0
2630	1
2631	1
2632	0
2633	0
2634	0
2635	0
2636	0
2637	0
2638	0
2639	0
2640	0
2641	0
2642	0
2643	0
2644	2
2645	0
2646	0
2647	0
2648	0
2649	0
2650	2
2651	2
2652	0
2653	0
2654	2
2655	0
2656	2
2657	0
2658	2
2659	0
2660	0
2661	0
2662	0
2663	0
2664	0
2665	2
2666	0
2667	0
2668	0
2669	0
2670	2
2671	2
2672	2
2673	0
2674	2
2675	0
2676	0
2677	0
2678	0
2679	0
2680	2
2681	0
2682	0
2683	0
2684	2
2685	1
2686	2
2687	2
2688	0
2689	2
2690	2
2691	1
2692	2
2693	0
2694	2
2695	2
2696	0
2697	2
2698	0
2699	2
2700	2
2701	2
2702	3
2703	0
2704	2
2705	0
2706	2
2707	0
2708	0
2709	2
2710	2
2711	0
2712	2
2713	0
2714	0
2715	0
2716	0
2717	2
2718	0
2719	0
2720	0
2721	0
2722	0
2723	1
2724	0
2725	0
2726	0
2727	2
2728	1
2729	0
2730	1
2731	2
2732	2
2733	2
2734	0
2735	2
2736	2
2737	0
2738	0
2739	2
2740	1
2741	0
2742	2
2743	1
2744	2
2745	0
2746	1
2747	0
2748	2
2749	0
2750	2
2751	1
2752	0
2753	2
2754	2
2755	0
2756	2
2757	0
2758	0
2759	2
2760	2
2761	0
2762	0
2763	0
2764	2
2765	1
2766	1
2767	0
2768	2
2769	0
2770	2
2771	2
2772	2
2773	2
2774	0
2775	0
2776	0
2777	0
2778	0
2779	2
2780	0
2781	3
2782	2
2783	0
2784	0
2785	0
2786	0
2787	2
2788	0
2789	0
2790	0
2791	0
2792	2
2793	0
2794	2
2795	0
2796	2
2797	0
2798	0
2799	0
2800	2
2801	2
2802	2
2803	0
2804	0
2805	0
2806	3
2807	1
2808	1
2809	0
2810	2
2811	0
2812	0
2813	2
2814	0
2815	0
2816	0
2817	0
2818	2
2819	2
2820	2
2821	0
2822	2
2823	2
2824	0
2825	0
2826	2
2827	2
2828	0
2829	0
2830	0
2831	2
2832	0
2833	0
2834	0
2835	0
2836	0
2837	0
2838	0
2839	0
2840	2
2841	2
2842	0
2843	2
2844	0
2845	0
2846	2
2847	0
2848	2
2849	0
2850	0
2851	0
2852	0
2853	0
2854	2
2855	0
2856	1
2857	2
2858	1
2859	2
2860	0
2861	0
2862	0
2863	0
2864	0
2865	0
2866	1
2867	1
2868	0
2869	0
2870	2
2871	1
2872	0
2873	2
2874	2
2875	2
2876	0
2877	0
2878	0
2879	0
2880	2
2881	0
2882	2
2883	0
2884	0
2885	0
2886	0
2887	2
2888	1
2889	0
2890	1
2891	0
2892	0
2893	0
2894	0
2895	0
2896	0
2897	2
2898	2
2899	2
2900	0
2901	0
2902	0
2903	0
2904	2
2905	2
2906	2
2907	0
2908	0
2909	0
2910	2
2911	2
2912	2
2913	0
2914	0
2915	2
2916	0
2917	2
2918	0
2919	0
2920	0
2921	2
2922	0
2923	0
2924	0
2925	0
2926	1
2927	0
2928	2
2929	0
2930	2
2931	2
2932	2
2933	2
2934	0
2935	0
2936	0
2937	0
2938	0
2939	2
2940	0
2941	0
2942	0
2943	2
2944	2
2945	0
2946	0
2947	0
2948	0
2949	2
2950	0
2951	2
2952	2
2953	2
2954	2
2955	0
2956	2
2957	0
2958	0
2959	0
2960	2
2961	0
2962	0
2963	2
2964	2
2965	0
2966	0
2967	0
2968	2
2969	1
2970	0
2971	2
2972	2
2973	2
2974	0
2975	0
2976	2
2977	2
2978	2
2979	2
2980	2
2981	2
2982	0
2983	2
2984	2
2985	0
2986	0
2987	0
2988	2
2989	2
2990	0
2991	0
2992	0
2993	2
2994	0
2995	2
2996	0
2997	2
2998	2
2999	2
3000	0
3001	0
3002	2
3003	2
3004	0
3005	0
3006	0
3007	0
3008	0
3009	0
3010	1
3011	1
3012	0
3013	0
3014	2
3015	0
3016	0
3017	2
3018	0
3019	0
3020	0
3021	2
3022	2
3023	2
3024	2
3025	2
3026	0
3027	0
3028	2
3029	0
3030	0
3031	2
3032	2
3033	0
3034	0
3035	2
3036	0
3037	0
3038	0
3039	2
3040	2
3041	0
3042	0
3043	0
3044	2
3045	2
3046	2
3047	2
3048	0
3049	0
3050	1
3051	0
3052	2
3053	0
3054	0
3055	2
3056	0
3057	2
3058	2
3059	0
3060	0
3061	2
3062	2
3063	2
3064	0
3065	0
3066	2
3067	0
3068	0
3069	1
3070	0
3071	2
3072	2
3073	2
3074	2
3075	0
3076	2
3077	2
3078	0
3079	0
3080	1
3081	0
3082	0
3083	2
3084	0
3085	2
3086	2
3087	2
3088	0
3089	0
3090	0
3091	2
3092	1
3093	2
3094	0
3095	2
3096	0
3097	0
3098	0
3099	2
3100	0
3101	0
3102	0
3103	0
3104	2
3105	0
3106	0
3107	0
3108	2
3109	0
3110	0
3111	2
3112	1
3113	0
3114	0
3115	0
3116	2
3117	1
3118	0
3119	2
3120	2
3121	2
3122	0
3123	0
3124	0
3125	0
3126	2
3127	2
3128	0
3129	0
3130	2
3131	0
3132	1
3133	0
3134	2
3135	2
3136	0
3137	2
3138	0
3139	2
3140	2
3141	0
3142	2
3143	2
3144	0
3145	0
3146	0
3147	2
3148	0
3149	0
3150	2
3151	0
3152	2
3153	1
3154	3
3155	1
3156	0
3157	0
3158	0
3159	1
3160	0
3161	0
3162	0
3163	0
3164	2
3165	2
3166	0
3167	0
3168	2
3169	0
3170	0
3171	0
3172	2
3173	0
3174	2
3175	2
3176	2
3177	1
3178	2
3179	0
3180	2
3181	2
3182	2
3183	2
3184	0
3185	2
3186	2
3187	0
3188	2
3189	2
3190	0
3191	0
3192	2
3193	2
3194	0
3195	1
3196	0
3197	0
3198	2
3199	0
3200	0
3201	2
3202	0
3203	0
3204	0
3205	0
3206	0
3207	1
3208	0
3209	2
3210	2
3211	2
3212	0
3213	0
3214	0
3215	0
3216	2
3217	0
3218	0
3219	0
3220	2
3221	0
3222	1
3223	0
3224	2
3225	0
3226	0
3227	2
3228	2
3229	1
3230	2
3231	0
3232	0
3233	0
3234	0
3235	2
3236	0
3237	2
3238	0
3239	0
3240	1
3241	0
3242	1
3243	0
3244	0
3245	0
3246	1
3247	2
3248	0
3249	0
3250	0
3251	0
3252	0
3253	0
3254	1
3255	2
3256	1
3257	2
3258	1
3259	2
3260	0
3261	0
3262	0
3263	2
3264	2
3265	2
3266	2
3267	0
3268	0
3269	2
3270	2
3271	2
3272	0
3273	2
3274	0
3275	0
3276	2
3277	2
3278	0
3279	2
3280	3
3281	0
3282	2
3283	2
3284	0
3285	2
3286	0
3287	0
3288	2
3289	2
3290	3
3291	3
3292	2
3293	2
3294	2
3295	2
3296	2
3297	0
3298	0
3299	1
3300	2
3301	2
3302	1
3303	0
3304	2
3305	3
3306	2
3307	2
3308	0
3309	0
3310	0
3311	2
3312	2
3313	0
3314	0
3315	3
3316	0
3317	1
3318	2
3319	0
3320	0
3321	0
3322	0
3323	0
3324	2
3325	2
3326	0
3327	0
3328	1
3329	0
3330	2
3331	0
3332	2
3333	2
3334	0
3335	2
3336	3
3337	2
3338	2
3339	0
3340	0
3341	2
3342	2
3343	2
3344	2
3345	0
3346	0
3347	2
3348	1
3349	2
3350	2
3351	0
3352	0
3353	0
3354	0
3355	0
3356	2
3357	1
3358	0
3359	0
3360	2
3361	2
3362	2
3363	2
3364	0
3365	1
3366	2
3367	0
3368	0
3369	0
3370	0
3371	2
3372	2
3373	1
3374	2
3375	3
3376	2
3377	0
3378	0
3379	0
3380	2
3381	0
3382	0
3383	2
3384	1
3385	2
3386	2
3387	0
3388	2
3389	2
3390	0
3391	2
3392	2
3393	2
3394	0
3395	2
3396	1
3397	2
3398	0
3399	0
3400	0
3401	3
3402	2
3403	0
3404	2
3405	0
3406	0
3407	2
3408	2
3409	2
3410	0
3411	0
3412	3
3413	0
3414	2
3415	2
3416	3
3417	0
3418	2
3419	3
3420	2
3421	2
3422	2
3423	0
3424	2
3425	2
3426	0
3427	0
3428	2
3429	3
3430	2
3431	3
3432	2
3433	1
3434	2
3435	1
3436	2
3437	2
3438	1
3439	2
3440	2
3441	0
3442	0
3443	2
3444	1
3445	2
3446	0
3447	2
3448	0
3449	2
3450	2
3451	2
3452	2
3453	3
3454	0
3455	2
3456	2
3457	2
3458	0
3459	1
3460	2
3461	0
3462	2
3463	0
3464	0
3465	0
3466	0
3467	2
3468	2
3469	2
3470	0
3471	0
3472	2
3473	2
3474	2
3475	2
3476	2
3477	0
3478	3
3479	0
3480	0
3481	2
3482	2
3483	2
3484	2
3485	2
3486	2
3487	3
3488	0
3489	3
3490	2
3491	0
3492	1
3493	0
3494	0
3495	2
3496	1
3497	2
3498	2
3499	0
3500	2
3501	2
3502	2
3503	2
3504	3
3505	0
3506	0
3507	0
3508	2
3509	0
3510	2
3511	2
3512	2
3513	0
3514	2
3515	0
3516	1
3517	2
3518	0
3519	2
3520	0
3521	0
3522	0
3523	2
3524	0
3525	0
3526	0
3527	0
3528	2
3529	2
3530	0
3531	2
3532	0
3533	2
3534	2
3535	0
3536	2
3537	0
3538	2
3539	2
3540	0
3541	2
3542	0
3543	2
3544	0
3545	2
3546	3
3547	2
3548	2
3549	0
3550	0
3551	2
3552	0
3553	0
3554	2
3555	3
3556	2
3557	0
3558	2
3559	2
3560	1
3561	0
3562	0
3563	1
3564	1
3565	2
3566	2
3567	0
3568	2
3569	0
3570	0
3571	0
3572	0
3573	0
3574	0
3575	0
3576	2
3577	2
3578	0
3579	0
3580	0
3581	2
3582	2
3583	3
3584	2
3585	2
3586	2
3587	0
3588	0
3589	0
3590	2
3591	2
3592	1
3593	2
3594	0
3595	2
3596	2
3597	2
3598	0
3599	3
3600	0
3601	2
3602	0
3603	0
3604	2
3605	0
3606	2
3607	2
3608	2
3609	2
3610	3
3611	0
3612	2
3613	0
3614	1
3615	0
3616	2
3617	2
3618	2
3619	0
3620	0
3621	0
3622	0
3623	2
3624	2
3625	0
3626	1
3627	2
3628	2
3629	0
3630	0
3631	2
3632	0
3633	0
3634	0
3635	2
3636	0
3637	1
3638	0
3639	0
3640	0
3641	0
3642	2
3643	0
3644	0
3645	0
3646	2
3647	0
3648	0
3649	1
3650	2
3651	0
3652	0
3653	1
3654	0
3655	0
3656	1
3657	0
3658	2
3659	1
3660	0
3661	0
3662	0
3663	2
3664	0
3665	0
3666	2
3667	0
3668	2
3669	2
3670	0
3671	0
3672	0
3673	0
3674	0
3675	2
3676	0
3677	0
3678	0
3679	0
3680	0
3681	0
3682	0
3683	0
3684	0
3685	0
3686	0
3687	0
3688	0
3689	1
3690	1
3691	0
3692	0
3693	0
3694	0
3695	0
3696	2
3697	2
3698	2
3699	0
3700	2
3701	2
3702	0
3703	0
3704	2
3705	2
3706	0
3707	2
3708	1
3709	2
3710	0
3711	0
3712	2
3713	0
3714	1
3715	0
3716	0
3717	0
3718	1
3719	3
3720	0
3721	0
3722	2
3723	2
3724	0
3725	2
3726	1
3727	0
3728	0
3729	0
3730	0
3731	2
3732	0
3733	0
3734	0
3735	0
3736	0
3737	2
3738	0
3739	0
3740	0
3741	1
3742	0
3743	0
3744	0
3745	2
3746	1
3747	1
3748	0
3749	0
3750	0
3751	0
3752	2
3753	1
3754	0
3755	0
3756	2
3757	0
3758	2
3759	0
3760	0
3761	0
3762	0
3763	2
3764	0
3765	0
3766	0
3767	1
3768	0
3769	0
3770	0
3771	0
3772	0
3773	0
3774	0
3775	2
3776	2
3777	0
3778	0
3779	0
3780	0
3781	0
3782	1
3783	1
3784	0
3785	2
3786	0
3787	0
3788	0
3789	0
3790	2
3791	0
3792	2
3793	0
3794	0
3795	0
3796	0
3797	0
3798	0
3799	2
3800	2
3801	0
3802	0
3803	0
3804	0
3805	2
3806	1
3807	0
3808	2
3809	2
3810	2
3811	0
3812	0
3813	2
3814	0
3815	2
3816	0
3817	2
3818	0
3819	0
3820	2
3821	2
3822	2
3823	0
3824	0
3825	0
3826	0
3827	0
3828	0
3829	0
3830	2
3831	0
3832	0
3833	2
3834	0
3835	0
3836	1
3837	0
3838	1
3839	2
3840	1
3841	2
3842	2
3843	0
3844	0
3845	0
3846	0
3847	2
3848	0
3849	1
3850	0
3851	2
3852	2
3853	2
3854	0
3855	0
3856	0
3857	1
3858	0
3859	0
3860	0
3861	0
3862	0
3863	0
3864	0
3865	1
3866	1
3867	1
3868	0
3869	2
3870	0
3871	0
3872	3
3873	2
3874	2
3875	0
3876	0
3877	0
3878	0
3879	0
3880	0
3881	1
3882	0
3883	2
3884	1
3885	0
3886	0
3887	0
3888	2
3889	0
3890	2
3891	0
3892	0
3893	0
3894	0
3895	0
3896	0
3897	0
3898	1
3899	0
3900	0
3901	0
3902	0
3903	0
3904	0
3905	0
3906	0
3907	0
3908	1
3909	0
3910	2
3911	0
3912	1
3913	0
3914	2
3915	0
3916	2
3917	1
3918	2
3919	2
3920	0
3921	2
3922	0
3923	0
3924	2
3925	0
3926	2
3927	1
3928	0
3929	2
3930	0
3931	0
3932	0
3933	0
3934	0
3935	2
3936	0
3937	0
3938	0
3939	2
3940	1
3941	0
3942	2
3943	0
3944	0
3945	0
3946	2
3947	0
3948	2
3949	0
3950	2
3951	0
3952	0
3953	0
3954	0
3955	0
3956	0
3957	0
3958	2
3959	0
3960	0
3961	1
3962	2
3963	0
3964	0
3965	2
3966	1
3967	0
3968	0
3969	0
3970	2
3971	0
3972	2
3973	2
3974	3
3975	2
3976	2
3977	3
3978	0
3979	2
3980	2
3981	3
3982	0
3983	0
3984	0
3985	2
3986	0
3987	0
3988	2
3989	2
3990	0
3991	2
3992	2
3993	2
3994	0
3995	1
3996	0
3997	0
3998	2
3999	2
4000	0
4001	2
4002	0
4003	0
4004	0
4005	0
4006	2
4007	0
4008	0
4009	0
4010	3
4011	0
4012	2
4013	2
4014	0
4015	2
4016	2
4017	0
4018	0
4019	0
4020	0
4021	0
4022	2
4023	2
4024	0
4025	2
4026	0
4027	1
4028	1
4029	0
4030	2
4031	0
4032	2
4033	2
4034	0
4035	0
4036	0
4037	0
4038	0
4039	0
4040	2
4041	0
4042	2
4043	0
4044	0
4045	0
4046	0
4047	0
4048	2
4049	0
4050	2
4051	0
4052	0
4053	0
4054	0
4055	2
4056	0
4057	2
4058	2
4059	0
4060	2
4061	2
4062	1
4063	0
4064	0
4065	0
4066	2
4067	0
4068	2
4069	2
4070	0
4071	0
4072	0
4073	1
4074	0
4075	0
4076	0
4077	0
4078	2
4079	0
4080	0
4081	0
4082	0
4083	0
4084	2
4085	2
4086	0
4087	0
4088	2
4089	2
4090	0
4091	0
4092	2
4093	2
4094	0
4095	2
4096	0
4097	2
4098	0
4099	0
4100	0
4101	0
4102	0
4103	0
4104	0
4105	0
4106	0
4107	0
4108	0
4109	0
4110	2
4111	2
4112	1
4113	0
4114	2
4115	0
4116	0
4117	0
4118	2
4119	0
4120	2
4121	0
4122	2
4123	2
4124	0
4125	0
4126	2
4127	0
4128	2
4129	0
4130	0
4131	0
4132	0
4133	0
4134	0
4135	2
4136	2
4137	2
4138	0
4139	0
4140	0
4141	0
4142	0
4143	0
4144	2
4145	0
4146	2
4147	2
4148	2
4149	2
4150	2
4151	0
4152	0
4153	0
4154	0
4155	0
4156	0
4157	0
4158	1
4159	2
4160	0
4161	0
4162	2
4163	0
4164	0
4165	0
4166	0
4167	0
4168	0
4169	0
4170	0
4171	0
4172	0
4173	0
4174	0
4175	2
4176	1
4177	0
4178	0
4179	0
4180	2
4181	0
4182	1
4183	2
4184	1
4185	0
4186	0
4187	2
4188	0
4189	2
4190	0
4191	2
4192	2
4193	0
4194	2
4195	0
4196	2
4197	2
4198	2
4199	0
4200	0
4201	0
4202	0
4203	2
4204	0
4205	0
4206	1
4207	2
4208	2
4209	1
4210	0
4211	0
4212	0
4213	0
4214	0
4215	2
4216	2
4217	0
4218	2
4219	2
4220	1
4221	2
4222	0
4223	0
4224	0
4225	2
4226	2
4227	0
4228	2
4229	0
4230	0
4231	0
4232	0
4233	0
4234	2
4235	0
4236	2
4237	0
4238	1
4239	0
4240	0
4241	2
4242	2
4243	0
4244	0
4245	0
4246	0
4247	0
4248	2
4249	2
4250	3
4251	2
4252	0
4253	1
4254	0
4255	0
4256	0
4257	2
4258	2
4259	0
4260	0
4261	0
4262	0
4263	0
4264	0
4265	1
4266	2
4267	2
4268	0
4269	2
4270	0
4271	2
4272	0
4273	0
4274	2
4275	2
4276	0
4277	1
4278	2
4279	0
4280	0
4281	0
4282	0
4283	0
4284	0
4285	0
4286	2
4287	0
4288	2
4289	2
4290	0
4291	0
4292	2
4293	1
4294	0
4295	2
4296	0
4297	2
4298	0
4299	0
4300	2
4301	2
4302	0
4303	2
4304	2
4305	0
4306	1
4307	0
4308	2
4309	2
4310	2
4311	0
4312	0
4313	2
4314	0
4315	2
4316	2
4317	0
4318	0
4319	0
4320	2
4321	2
4322	0
4323	0
4324	0
4325	0
4326	2
4327	0
4328	2
4329	2
4330	0
4331	1
4332	2
4333	0
4334	0
4335	2
4336	0
4337	0
4338	2
4339	1
4340	2
4341	0
4342	2
4343	0
4344	2
4345	0
4346	0
4347	0
4348	2
4349	0
4350	0
4351	1
4352	1
4353	0
4354	0
4355	2
4356	0
4357	0
4358	0
4359	2
4360	2
4361	0
4362	2
4363	2
4364	0
4365	2
4366	2
4367	2
4368	1
4369	0
4370	2
4371	2
4372	0
4373	2
4374	0
4375	2
4376	2
4377	2
4378	2
4379	0
4380	0
4381	0
4382	0
4383	2
4384	0
4385	0
4386	0
4387	0
4388	0
4389	0
4390	2
4391	2
4392	0
4393	0
4394	0
4395	0
4396	0
4397	0
4398	0
4399	1
4400	1
4401	0
4402	1
4403	2
4404	2
4405	3
4406	1
4407	0
4408	0
4409	0
4410	1
4411	2
4412	1
4413	0
4414	2
4415	0
4416	2
4417	0
4418	2
4419	2
4420	0
4421	0
4422	2
4423	0
4424	0
4425	0
4426	0
4427	2
4428	2
4429	0
4430	1
4431	0
4432	1
4433	2
4434	2
4435	0
4436	0
4437	2
4438	2
4439	1
4440	2
4441	0
4442	2
4443	2
4444	0
4445	0
4446	0
4447	0
4448	0
4449	0
4450	0
4451	0
4452	0
4453	2
4454	2
4455	0
4456	2
4457	0
4458	2
4459	0
4460	2
4461	0
4462	2
4463	0
4464	2
4465	0
4466	2
4467	1
4468	0
4469	2
4470	0
4471	2
4472	0
4473	0
4474	0
4475	0
4476	0
4477	0
4478	0
4479	2
4480	0
4481	0
4482	1
4483	1
4484	0
4485	0
4486	0
4487	2
4488	0
4489	0
4490	2
4491	2
4492	0
4493	2
4494	3
4495	2
4496	3
4497	3
4498	0
4499	2
4500	0
4501	2
4502	0
4503	2
4504	2
4505	2
4506	3
4507	0
4508	1
4509	0
4510	0
4511	2
4512	0
4513	0
4514	2
4515	1
4516	1
4517	2
4518	1
4519	2
4520	0
4521	2
4522	2
4523	2
4524	2
4525	0
4526	2
4527	3
4528	2
4529	2
4530	2
4531	2
4532	0
4533	0
4534	2
4535	2
4536	2
4537	2
4538	0
4539	2
4540	2
4541	0
4542	0
4543	0
4544	2
4545	2
4546	0
4547	2
4548	2
4549	2
4550	2
4551	0
4552	2
4553	2
4554	2
4555	2
4556	2
4557	0
4558	0
4559	2
4560	0
4561	0
4562	2
4563	2
4564	0
4565	2
4566	2
4567	2
4568	2
4569	2
4570	2
4571	0
4572	2
4573	0
4574	2
4575	0
4576	0
4577	2
4578	0
4579	0
4580	2
4581	2
4582	2
4583	3
4584	3
4585	1
4586	2
4587	0
4588	2
4589	0
4590	2
4591	0
4592	2
4593	0
4594	2
4595	3
4596	2
4597	0
4598	3
4599	2
4600	2
4601	0
4602	2
4603	0
4604	2
4605	2
4606	0
4607	2
4608	0
4609	0
4610	0
4611	2
4612	0
4613	2
4614	2
4615	0
4616	0
4617	2
4618	2
4619	0
4620	2
4621	0
4622	0
4623	3
4624	2
4625	0
4626	0
4627	1
4628	0
4629	2
4630	2
4631	1
4632	2
4633	0
4634	0
4635	0
4636	0
4637	0
4638	2
4639	2
4640	0
4641	0
4642	0
4643	0
4644	0
4645	2
4646	2
4647	2
4648	2
4649	2
4650	0
4651	0
4652	2
4653	2
4654	0
4655	0
4656	2
4657	0
4658	0
4659	0
4660	2
4661	2
4662	2
4663	0
4664	2
4665	2
4666	2
4667	2
4668	2
4669	2
4670	3
4671	2
4672	1
4673	2
4674	2
4675	1
4676	2
4677	0
4678	0
4679	2
4680	0
4681	0
4682	0
4683	2
4684	0
4685	0
4686	0
4687	3
4688	0
4689	2
4690	2
4691	0
4692	2
4693	0
4694	2
4695	2
4696	0
4697	2
4698	3
4699	2
4700	0
4701	2
4702	2
4703	2
4704	0
4705	3
4706	0
4707	2
4708	2
4709	0
4710	0
4711	3
4712	2
4713	0
4714	0
4715	0
4716	2
4717	2
4718	0
4719	2
4720	2
4721	0
4722	2
4723	2
4724	2
4725	2
4726	2
4727	0
4728	2
4729	0
4730	0
4731	0
4732	0
4733	0
4734	2
4735	0
4736	0
4737	0
4738	1
4739	2
4740	2
4741	0
4742	0
4743	2
4744	2
4745	2
4746	2
4747	2
4748	0
4749	2
4750	2
4751	2
4752	1
4753	0
4754	2
4755	2
4756	3
4757	3
4758	1
4759	2
4760	0
4761	2
4762	2
4763	0
4764	2
4765	2
4766	0
4767	1
4768	2
4769	0
4770	0
4771	0
4772	2
4773	2
4774	0
4775	1
4776	2
4777	0
4778	0
4779	0
4780	2
4781	2
4782	2
4783	2
4784	0
4785	1
4786	0
4787	2
4788	0
4789	0
4790	0
4791	2
4792	2
4793	0
4794	2
4795	2
4796	2
4797	2
4798	0
4799	2
4800	2
4801	2
4802	1
4803	2
4804	2
4805	0
4806	3
4807	2
4808	2
4809	2
4810	1
4811	0
4812	1
4813	0
4814	2
4815	0
4816	0
4817	3
4818	2
4819	2
4820	0
4821	2
4822	2
4823	2
4824	2
4825	0
4826	2
4827	1
4828	0
4829	2
4830	2
4831	2
4832	0
4833	0
4834	0
4835	0
4836	2
4837	1
4838	2
4839	0
4840	2
4841	0
4842	2
4843	0
4844	0
4845	0
4846	0
4847	2
4848	0
4849	2
4850	2
4851	0
4852	2
4853	2
4854	2
4855	2
4856	0
4857	2
4858	0
4859	2
4860	0
4861	0
4862	2
4863	2
4864	0
4865	2
4866	2
4867	0
4868	0
4869	0
4870	0
4871	2
4872	2
4873	2
4874	0
4875	0
4876	2
4877	0
4878	2
4879	0
4880	0
4881	2
4882	2
4883	2
4884	2
4885	2
4886	0
4887	0
4888	0
4889	2
4890	0
4891	0
4892	0
4893	0
4894	1
4895	0
4896	0
4897	2
4898	2
4899	1
4900	0
4901	0
4902	2
4903	2
4904	0
4905	2
4906	2
4907	0
4908	0
4909	0
4910	2
4911	2
4912	2
4913	0
4914	0
4915	2
4916	0
4917	0
4918	2
4919	0
4920	2
4921	0
4922	1
4923	0
4924	0
4925	0
4926	0
4927	0
4928	0
4929	0
4930	2
4931	0
4932	2
4933	0
4934	2
4935	0
4936	2
4937	2
4938	1
4939	0
4940	0
4941	2
4942	0
4943	2
4944	0
4945	2
4946	2
4947	0
4948	0
4949	0
4950	0
4951	0
4952	2
4953	0
4954	0
4955	0
4956	0
4957	2
4958	2
4959	2
4960	0
4961	0
4962	1
4963	0
4964	3
4965	0
4966	2
4967	2
4968	0
4969	0
4970	1
4971	0
4972	2
4973	0
4974	0
4975	0
4976	0
4977	2
4978	0
4979	0
4980	0
4981	0
4982	0
4983	0
4984	0
4985	1
4986	0
4987	0
4988	0
4989	1
4990	0
4991	2
4992	0
4993	1
4994	0
4995	2
4996	0
4997	0
4998	0
4999	0
5000	1
5001	0
5002	0
5003	2
5004	0
5005	0
5006	1
5007	2
5008	2
5009	0
5010	2
5011	0
5012	0
5013	0
5014	2
5015	0
5016	0
5017	0
5018	0
5019	0
5020	0
5021	0
5022	2
5023	0
5024	0
5025	2
5026	0
5027	1
5028	0
5029	0
5030	0
5031	0
5032	0
5033	0
5034	2
5035	0
5036	0
5037	0
5038	0
5039	0
5040	0
5041	2
5042	0
5043	0
5044	0
5045	2
5046	0
5047	2
5048	0
5049	2
5050	0
5051	2
5052	1
5053	0
5054	2
5055	0
5056	0
5057	1
5058	0
5059	0
5060	0
5061	1
5062	1
5063	2
5064	0
5065	2
5066	0
5067	0
5068	0
5069	0
5070	0
5071	0
5072	0
5073	0
5074	0
5075	2
5076	0
5077	0
5078	2
5079	0
5080	2
5081	0
5082	0
5083	0
5084	0
5085	2
5086	0
5087	0
5088	0
5089	3
5090	2
5091	0
5092	0
5093	0
5094	2
5095	2
5096	2
5097	0
5098	0
5099	0
5100	1
5101	0
5102	2
5103	0
5104	0
5105	0
5106	2
5107	0
5108	0
5109	0
5110	2
5111	0
5112	0
5113	0
5114	0
5115	0
5116	0
5117	0
5118	0
5119	2
5120	0
5121	2
5122	0
5123	2
5124	0
5125	0
5126	0
5127	0
5128	0
5129	2
5130	0
5131	0
5132	0
5133	0
5134	1
