0	1
1	1
2	1
3	1
4	1
5	1
6	1
7	1
8	1
9	1
10	1
11	1
12	1
13	1
14	1
15	1
16	1
17	1
18	1
19	1
20	1
21	1
22	1
23	1
24	1
25	1
26	1
27	1
28	1
29	1
30	1
31	1
32	1
33	1
34	1
35	1
36	1
37	1
38	1
39	1
40	1
41	1
42	1
43	1
44	1
45	1
46	1
47	1
48	1
49	1
50	1
51	1
52	1
53	1
54	1
55	1
56	1
57	1
58	1
59	1
60	1
61	1
62	1
63	1
64	1
65	1
66	1
67	1
68	1
69	1
70	1
71	1
72	1
73	1
74	1
75	1
76	1
77	1
78	1
79	1
80	1
81	1
82	1
83	1
84	1
85	1
86	1
87	1
88	1
89	1
90	1
91	1
92	1
93	1
94	1
95	2
96	2
97	2
98	2
99	2
100	2
101	2
102	2
103	2
104	2
105	2
106	2
107	2
108	2
109	2
110	2
111	2
112	2
113	2
114	2
115	2
116	2
117	2
118	2
119	2
120	2
121	2
122	2
123	2
124	2
125	2
126	2
127	2
128	2
129	2
130	2
131	2
132	2
133	2
134	2
135	2
136	2
137	2
138	2
139	2
140	2
141	2
142	2
143	2
144	2
145	2
146	2
147	2
148	2
149	2
150	2
151	2
152	2
153	2
154	2
155	2
156	2
157	2
158	2
159	2
160	2
161	2
162	2
163	2
164	2
165	2
166	2
167	2
168	2
169	2
170	2
171	2
172	2
173	2
174	2
175	2
176	2
177	2
178	2
179	2
180	2
181	2
182	2
183	2
184	2
185	2
186	2
187	2
188	2
189	2
190	2
191	2
192	2
193	2
194	2
195	2
196	2
197	2
198	2
199	2
200	3
201	3
202	3
203	3
204	3
205	3
206	3
207	3
208	3
209	3
210	3
211	3
212	3
213	3
214	3
215	3
216	3
217	3
218	3
219	3
220	3
221	3
222	3
223	3
224	3
225	3
226	3
227	3
228	3
229	3
230	3
231	3
232	3
233	3
234	3
235	3
236	3
237	3
238	3
239	3
240	3
241	3
242	3
243	3
244	3
245	3
246	3
247	3
248	3
249	3
250	3
251	3
252	3
253	3
254	3
255	3
256	3
257	3
258	3
259	3
260	3
261	3
262	3
263	3
264	3
265	3
266	3
267	3
268	3
269	3
270	3
271	3
272	3
273	3
274	3
275	3
276	3
277	3
278	3
279	3
280	3
281	3
282	3
283	3
284	3
285	3
286	3
287	3
288	3
289	3
290	3
291	3
292	3
293	3
294	3
295	3
296	3
297	3
298	3
299	3
300	3
301	3
302	3
303	3
304	3
305	3
306	3
307	3
308	3
309	3
310	3
311	3
312	3
313	3
314	3
315	3
316	3
317	3
318	3
319	3
320	3
321	3
322	3
323	3
324	3
325	3
326	3
327	3
328	3
329	4
330	4
331	4
332	4
333	4
334	4
335	4
336	4
337	4
338	4
339	4
340	4
341	4
342	4
343	4
344	4
345	4
346	4
347	4
348	4
349	4
350	4
351	4
352	4
353	4
354	4
355	4
356	4
357	4
358	4
359	4
360	4
361	4
362	4
363	4
364	4
365	4
366	4
367	4
368	4
369	4
370	4
371	4
372	4
373	4
374	4
375	4
376	4
377	4
378	4
379	4
380	4
381	4
382	4
383	4
384	4
385	4
386	4
387	4
388	4
389	4
390	4
391	4
392	4
393	4
394	4
395	4
396	4
397	4
398	4
399	4
400	4
401	4
402	4
403	4
404	4
405	4
406	4
407	4
408	4
409	4
410	4
411	4
412	4
413	4
414	4
415	4
416	4
417	4
418	4
419	4
420	4
421	4
422	4
423	4
424	4
425	4
426	4
427	4
428	4
429	4
430	4
431	4
432	4
433	4
434	4
435	4
436	4
437	4
438	4
439	4
440	4
441	4
442	4
443	4
444	4
445	4
446	4
447	4
448	4
449	4
450	4
451	4
452	4
453	4
454	4
455	4
456	4
457	4
458	4
459	4
460	4
461	4
462	4
463	4
464	4
465	4
466	4
467	4
468	4
469	4
470	4
471	4
472	4
473	4
474	4
475	4
476	4
477	5
478	5
479	5
480	5
481	5
482	5
483	5
484	5
485	5
486	5
487	5
488	5
489	5
490	5
491	5
492	5
493	5
494	5
495	5
496	5
497	5
498	5
499	5
500	5
501	5
502	5
503	5
504	5
505	5
506	5
507	5
508	5
509	5
510	5
511	5
512	5
513	5
514	5
515	5
516	5
517	5
518	5
519	5
520	5
521	5
522	5
523	5
524	5
525	5
526	5
527	5
528	5
529	5
530	5
531	5
532	5
533	5
534	5
535	5
536	5
537	5
538	5
539	5
540	5
541	5
542	5
543	5
544	5
545	5
546	5
547	5
548	5
549	5
550	5
551	5
552	5
553	5
554	5
555	5
556	5
557	5
558	5
559	5
560	5
561	5
562	5
563	5
564	5
565	5
566	5
567	5
568	5
569	5
570	5
571	5
572	5
573	5
574	5
575	5
576	5
577	5
578	5
579	5
580	5
581	5
582	5
583	5
584	5
585	5
586	5
587	5
588	5
589	5
590	5
591	5
592	5
593	5
594	5
595	5
596	5
597	5
598	5
599	5
600	5
601	5
602	5
603	5
604	5
605	5
606	5
607	5
608	5
609	5
610	5
611	5
612	5
613	5
614	5
615	5
616	5
617	5
618	5
619	5
620	5
621	6
622	6
623	6
624	6
625	6
626	6
627	6
628	6
629	6
630	6
631	6
632	6
633	6
634	6
635	6
636	6
637	6
638	6
639	6
640	6
641	6
642	6
643	6
644	6
645	6
646	6
647	6
648	6
649	6
650	6
651	6
652	6
653	6
654	6
655	6
656	6
657	6
658	6
659	6
660	6
661	6
662	6
663	6
664	6
665	6
666	6
667	6
668	6
669	6
670	6
671	6
672	6
673	6
674	6
675	6
676	6
677	6
678	6
679	6
680	6
681	6
682	6
683	6
684	6
685	6
686	6
687	6
688	6
689	6
690	6
691	6
692	6
693	6
694	6
695	6
696	6
697	6
698	6
699	6
700	6
701	6
702	6
703	6
704	6
705	6
706	6
707	6
708	6
709	6
710	6
711	6
712	6
713	6
714	6
715	6
716	6
717	6
718	6
719	6
720	6
721	6
722	6
723	6
724	6
725	6
726	6
727	6
728	6
729	6
730	6
731	6
732	6
733	6
734	6
735	6
736	6
737	6
738	6
739	6
740	6
741	6
742	6
743	7
744	7
745	7
746	7
747	7
748	7
749	7
750	7
751	7
752	7
753	7
754	7
755	7
756	7
757	7
758	7
759	7
760	7
761	7
762	7
763	7
764	7
765	7
766	7
767	7
768	7
769	7
770	7
771	7
772	7
773	7
774	7
775	7
776	7
777	7
778	7
779	7
780	7
781	7
782	7
783	7
784	7
785	7
786	7
787	7
788	7
789	7
790	7
791	7
792	7
793	7
794	7
795	7
796	7
797	7
798	7
799	7
800	7
801	7
802	7
803	7
804	7
805	7
806	7
807	7
808	7
809	7
810	7
811	7
812	7
813	7
814	7
815	7
816	7
817	7
818	7
819	7
820	7
821	7
822	7
823	7
824	7
825	7
826	7
827	7
828	7
829	7
830	7
831	7
832	7
833	7
834	7
835	7
836	7
837	7
838	7
839	7
840	7
841	7
842	7
843	7
844	7
845	7
846	7
847	7
848	7
849	7
850	7
851	7
852	7
853	7
854	7
855	7
856	7
857	7
858	7
859	7
860	7
861	7
862	7
863	7
864	7
865	7
866	7
867	7
868	7
869	7
870	7
871	7
872	7
873	7
874	7
875	7
876	7
877	7
878	7
879	7
880	7
881	7
882	7
883	7
884	7
885	7
886	7
887	7
888	7
889	7
890	7
891	7
892	7
893	7
894	7
895	7
896	7
897	7
898	7
899	7
900	7
901	7
902	7
903	7
904	7
905	7
906	7
907	7
908	7
909	7
910	7
911	7
912	7
913	7
914	7
915	7
916	7
917	7
918	7
919	7
920	7
921	7
922	7
923	7
924	7
925	7
926	7
927	7
928	7
929	7
930	7
931	7
932	7
933	7
934	7
935	7
936	7
937	7
938	7
939	7
940	7
941	7
942	7
943	7
944	7
945	7
946	7
947	7
948	7
949	7
950	7
951	7
952	7
953	7
954	7
955	7
956	7
957	7
958	7
959	7
960	7
961	7
962	7
963	7
964	7
965	7
966	7
967	7
968	7
969	7
970	7
971	7
972	7
973	7
974	7
975	7
976	7
977	7
978	7
979	7
980	7
981	7
982	7
983	7
984	7
985	7
986	7
987	7
988	7
989	7
990	7
991	7
992	7
993	7
994	7
995	7
996	7
997	7
998	7
999	7
1000	7
1001	7
1002	7
1003	7
1004	7
1005	7
1006	7
1007	7
1008	7
1009	7
1010	7
1011	7
1012	7
1013	7
1014	7
1015	7
1016	7
1017	7
1018	7
1019	7
1020	7
1021	7
1022	7
1023	7
1024	7
1025	7
1026	7
1027	7
1028	7
1029	7
1030	7
1031	7
1032	7
1033	7
1034	7
1035	7
1036	7
1037	7
1038	7
1039	7
1040	7
1041	7
1042	7
1043	7
1044	7
1045	7
1046	7
1047	7
1048	7
1049	7
1050	7
1051	7
1052	7
1053	7
1054	7
1055	7
1056	7
1057	7
1058	7
1059	7
1060	7
1061	7
1062	7
1063	7
1064	7
1065	7
1066	7
1067	7
1068	7
1069	7
1070	7
1071	7
1072	7
1073	7
1074	7
1075	7
1076	7
1077	7
1078	7
1079	7
1080	7
1081	7
1082	7
1083	7
1084	7
1085	7
1086	7
1087	7
1088	7
1089	7
1090	7
1091	7
1092	7
1093	7
1094	7
1095	7
1096	7
1097	7
1098	7
1099	7
1100	7
1101	7
1102	7
1103	7
1104	7
1105	7
1106	7
1107	7
1108	7
1109	7
1110	7
1111	7
1112	7
1113	7
1114	7
1115	7
1116	7
1117	7
1118	7
1119	7
1120	7
1121	7
1122	7
1123	7
1124	7
1125	7
1126	7
1127	7
1128	7
1129	7
1130	7
1131	7
1132	7
1133	7
1134	7
1135	7
1136	7
1137	7
1138	7
1139	7
1140	7
1141	7
1142	7
1143	7
1144	7
1145	7
1146	7
1147	7
1148	7
1149	7
1150	7
1151	7
1152	7
1153	7
1154	7
1155	7
1156	7
1157	7
1158	7
1159	7
1160	8
1161	8
1162	8
1163	8
1164	8
1165	8
1166	8
1167	8
1168	8
1169	8
1170	8
1171	8
1172	8
1173	8
1174	8
1175	8
1176	8
1177	8
1178	8
1179	8
1180	8
1181	8
1182	8
1183	8
1184	8
1185	8
1186	8
1187	8
1188	8
1189	8
1190	8
1191	8
1192	8
1193	8
1194	8
1195	8
1196	8
1197	8
1198	8
1199	8
1200	8
1201	8
1202	8
1203	8
1204	8
1205	8
1206	8
1207	8
1208	8
1209	8
1210	8
1211	8
1212	8
1213	8
1214	8
1215	8
1216	8
1217	8
1218	8
1219	8
1220	8
1221	8
1222	8
1223	8
1224	8
1225	8
1226	8
1227	8
1228	8
1229	8
1230	8
1231	8
1232	8
1233	8
1234	8
1235	8
1236	8
1237	8
1238	8
1239	8
1240	8
1241	8
1242	8
1243	8
1244	8
1245	8
1246	8
1247	8
1248	8
1249	8
1250	8
1251	8
1252	8
1253	8
1254	8
1255	8
1256	8
1257	8
1258	8
1259	8
1260	8
1261	8
1262	8
1263	8
1264	8
1265	8
1266	8
1267	8
1268	8
1269	9
1270	9
1271	9
1272	9
1273	9
1274	9
1275	9
1276	9
1277	9
1278	9
1279	9
1280	9
1281	9
1282	9
1283	9
1284	9
1285	9
1286	9
1287	9
1288	9
1289	9
1290	9
1291	9
1292	9
1293	9
1294	9
1295	9
1296	9
1297	9
1298	9
1299	9
1300	9
1301	9
1302	9
1303	9
1304	9
1305	9
1306	9
1307	9
1308	9
1309	9
1310	9
1311	9
1312	9
1313	9
1314	9
1315	9
1316	9
1317	9
1318	9
1319	9
1320	9
1321	9
1322	9
1323	9
1324	9
1325	9
1326	9
1327	9
1328	9
1329	9
1330	9
1331	9
1332	9
1333	9
1334	9
1335	9
1336	9
1337	9
1338	9
1339	9
1340	9
1341	9
1342	9
1343	9
1344	9
1345	9
1346	9
1347	9
1348	9
1349	9
1350	9
1351	9
1352	9
1353	9
1354	9
1355	9
1356	9
1357	9
1358	9
1359	9
1360	9
1361	9
1362	9
1363	9
1364	9
1365	9
1366	9
1367	9
1368	9
1369	9
1370	9
1371	9
1372	9
1373	9
1374	9
1375	9
1376	9
1377	9
1378	9
1379	9
1380	9
1381	9
1382	9
1383	9
1384	9
1385	9
1386	9
1387	9
1388	9
1389	9
1390	9
1391	9
1392	9
1393	9
1394	9
1395	9
1396	9
1397	9
1398	9
1399	9
1400	9
1401	9
1402	9
1403	9
1404	9
1405	9
1406	9
1407	9
1408	9
1409	9
1410	9
1411	9
1412	9
1413	9
1414	9
1415	9
1416	9
1417	9
1418	9
1419	9
1420	9
1421	9
1422	9
1423	9
1424	9
1425	9
1426	9
1427	9
1428	9
1429	9
1430	9
1431	9
1432	9
1433	9
1434	9
1435	9
1436	10
1437	10
1438	10
1439	10
1440	10
1441	10
1442	10
1443	10
1444	10
1445	10
1446	10
1447	10
1448	10
1449	10
1450	10
1451	10
1452	10
1453	10
1454	10
1455	10
1456	10
1457	10
1458	10
1459	10
1460	10
1461	10
1462	10
1463	10
1464	10
1465	10
1466	10
1467	10
1468	10
1469	10
1470	10
1471	10
1472	10
1473	10
1474	10
1475	10
1476	10
1477	10
1478	10
1479	10
1480	10
1481	10
1482	10
1483	10
1484	10
1485	10
1486	10
1487	10
1488	10
1489	10
1490	10
1491	10
1492	10
1493	10
1494	10
1495	10
1496	10
1497	10
1498	10
1499	10
1500	10
1501	10
1502	10
1503	10
1504	10
1505	10
1506	10
1507	10
1508	10
1509	10
1510	10
1511	10
1512	10
1513	10
1514	10
1515	10
1516	10
1517	10
1518	10
1519	10
1520	10
1521	10
1522	10
1523	10
1524	10
1525	10
1526	10
1527	10
1528	10
1529	10
1530	10
1531	10
1532	10
1533	10
1534	10
1535	10
1536	10
1537	10
1538	10
1539	10
1540	10
1541	10
1542	10
1543	10
1544	10
1545	10
1546	10
1547	10
1548	10
1549	10
1550	10
1551	10
1552	10
1553	10
1554	10
1555	10
1556	10
1557	10
1558	10
1559	10
1560	10
1561	10
1562	10
1563	10
1564	10
1565	10
1566	10
1567	10
1568	10
1569	10
1570	10
1571	10
1572	10
1573	10
1574	10
1575	10
1576	10
1577	10
1578	10
1579	10
1580	10
1581	10
1582	10
1583	10
1584	10
1585	10
1586	10
1587	10
1588	10
1589	10
1590	10
1591	10
1592	10
1593	10
1594	10
1595	10
1596	10
1597	11
1598	11
1599	11
1600	11
1601	11
1602	11
1603	11
1604	11
1605	11
1606	11
1607	11
1608	11
1609	11
1610	11
1611	11
1612	11
1613	11
1614	11
1615	11
1616	11
1617	11
1618	11
1619	11
1620	11
1621	11
1622	11
1623	11
1624	11
1625	11
1626	11
1627	11
1628	11
1629	11
1630	11
1631	11
1632	11
1633	11
1634	11
1635	11
1636	11
1637	11
1638	11
1639	11
1640	11
1641	11
1642	11
1643	11
1644	11
1645	11
1646	11
1647	11
1648	11
1649	11
1650	11
1651	11
1652	11
1653	11
1654	11
1655	11
1656	11
1657	11
1658	11
1659	11
1660	11
1661	11
1662	11
1663	11
1664	11
1665	11
1666	11
1667	11
1668	11
1669	11
1670	11
1671	11
1672	11
1673	11
1674	11
1675	11
1676	11
1677	11
1678	11
1679	11
1680	11
1681	11
1682	11
1683	11
1684	11
1685	11
1686	11
1687	11
1688	11
1689	11
1690	11
1691	11
1692	11
1693	11
1694	11
1695	11
1696	11
1697	11
1698	11
1699	11
1700	11
1701	11
1702	11
1703	11
1704	11
1705	11
1706	11
1707	11
1708	11
1709	11
1710	11
1711	11
1712	11
1713	11
1714	11
1715	11
1716	11
1717	11
1718	11
1719	11
1720	11
1721	11
1722	11
1723	11
1724	11
1725	11
1726	11
1727	11
1728	11
1729	11
1730	11
1731	11
1732	11
1733	11
1734	11
1735	11
1736	11
1737	11
1738	11
1739	11
1740	11
1741	11
1742	11
1743	11
1744	11
1745	11
1746	11
1747	11
1748	11
1749	11
1750	11
1751	11
1752	11
1753	11
1754	11
1755	11
1756	11
1757	12
1758	12
1759	12
1760	12
1761	12
1762	12
1763	12
1764	12
1765	12
1766	12
1767	12
1768	12
1769	12
1770	12
1771	12
1772	12
1773	12
1774	12
1775	12
1776	12
1777	12
1778	12
1779	12
1780	12
1781	12
1782	12
1783	12
1784	12
1785	12
1786	12
1787	12
1788	12
1789	12
1790	12
1791	12
1792	12
1793	12
1794	12
1795	12
1796	12
1797	12
1798	12
1799	12
1800	12
1801	12
1802	12
1803	12
1804	12
1805	12
1806	12
1807	12
1808	12
1809	12
1810	12
1811	12
1812	12
1813	12
1814	12
1815	12
1816	12
1817	12
1818	12
1819	12
1820	12
1821	12
1822	12
1823	12
1824	12
1825	12
1826	12
1827	12
1828	12
1829	12
1830	12
1831	12
1832	12
1833	12
1834	12
1835	12
1836	12
1837	12
1838	12
1839	12
1840	12
1841	12
1842	12
1843	12
1844	12
1845	12
1846	12
1847	12
1848	12
1849	12
1850	12
1851	12
1852	12
1853	12
1854	12
1855	12
1856	12
1857	12
1858	12
1859	12
1860	12
1861	12
1862	12
1863	12
1864	12
1865	12
1866	12
1867	12
1868	12
1869	12
1870	12
1871	12
1872	12
1873	12
1874	12
1875	12
1876	12
1877	12
1878	12
1879	12
1880	12
1881	12
1882	12
1883	12
1884	12
1885	12
1886	12
1887	12
1888	12
1889	12
1890	12
1891	12
1892	12
1893	12
1894	12
1895	12
1896	12
1897	12
1898	12
1899	12
1900	12
1901	12
1902	12
1903	12
1904	12
1905	12
1906	12
1907	12
1908	12
1909	12
1910	12
1911	12
1912	12
1913	12
1914	12
1915	12
1916	12
1917	12
1918	12
1919	12
1920	12
1921	12
1922	13
1923	13
1924	13
1925	13
1926	13
1927	13
1928	13
1929	13
1930	13
1931	13
1932	13
1933	13
1934	13
1935	13
1936	13
1937	13
1938	13
1939	13
1940	13
1941	13
1942	13
1943	13
1944	13
1945	13
1946	13
1947	13
1948	13
1949	13
1950	13
1951	13
1952	13
1953	13
1954	13
1955	13
1956	13
1957	13
1958	13
1959	13
1960	13
1961	13
1962	13
1963	13
1964	13
1965	13
1966	13
1967	13
1968	13
1969	13
1970	13
1971	13
1972	13
1973	13
1974	13
1975	13
1976	13
1977	13
1978	13
1979	13
1980	13
1981	13
1982	13
1983	13
1984	13
1985	13
1986	13
1987	13
1988	13
1989	13
1990	13
1991	13
1992	13
1993	13
1994	13
1995	13
1996	13
1997	13
1998	13
1999	13
2000	13
2001	13
2002	13
2003	13
2004	13
2005	13
2006	13
2007	13
2008	13
2009	13
2010	13
2011	13
2012	13
2013	13
2014	13
2015	13
2016	13
2017	13
2018	13
2019	13
2020	13
2021	13
2022	13
2023	13
2024	13
2025	13
2026	13
2027	13
2028	13
2029	13
2030	13
2031	13
2032	13
2033	13
2034	13
2035	13
2036	13
2037	13
2038	13
2039	14
2040	14
2041	14
2042	14
2043	14
2044	14
2045	14
2046	14
2047	14
2048	14
2049	14
2050	14
2051	14
2052	14
2053	14
2054	14
2055	14
2056	14
2057	14
2058	14
2059	14
2060	14
2061	14
2062	14
2063	14
2064	14
2065	14
2066	14
2067	14
2068	14
2069	14
2070	14
2071	14
2072	14
2073	14
2074	14
2075	14
2076	14
2077	14
2078	14
2079	14
2080	14
2081	14
2082	14
2083	14
2084	14
2085	14
2086	14
2087	14
2088	14
2089	14
2090	14
2091	14
2092	14
2093	14
2094	14
2095	14
2096	14
2097	14
2098	14
2099	14
2100	14
2101	14
2102	14
2103	14
2104	14
2105	14
2106	14
2107	14
2108	14
2109	14
2110	14
2111	14
2112	14
2113	14
2114	14
2115	14
2116	14
2117	14
2118	14
2119	14
2120	14
2121	14
2122	14
2123	14
2124	14
2125	14
2126	14
2127	14
2128	14
2129	14
2130	14
2131	14
2132	14
2133	14
2134	14
2135	14
2136	14
2137	14
2138	14
2139	14
2140	14
2141	14
2142	14
2143	14
2144	14
2145	14
2146	14
2147	14
2148	14
2149	14
2150	14
2151	14
2152	14
2153	14
2154	14
2155	14
2156	14
2157	14
2158	14
2159	14
2160	14
2161	14
2162	14
2163	14
2164	14
2165	14
2166	14
2167	14
2168	14
2169	14
2170	14
2171	14
2172	14
2173	14
2174	14
2175	14
2176	14
2177	14
2178	14
2179	14
2180	14
2181	14
2182	14
2183	14
2184	14
2185	14
2186	14
2187	14
2188	14
2189	14
2190	14
2191	14
2192	14
2193	14
2194	14
2195	14
2196	14
2197	14
2198	14
2199	14
2200	14
2201	14
2202	14
2203	14
2204	14
2205	14
2206	14
2207	14
2208	14
2209	14
2210	14
2211	14
2212	14
2213	14
2214	14
2215	14
2216	14
2217	14
2218	14
2219	14
2220	14
2221	14
2222	14
2223	14
2224	14
2225	14
2226	14
2227	14
2228	14
2229	14
2230	14
2231	14
2232	14
2233	14
2234	14
2235	14
2236	14
2237	14
2238	14
2239	14
2240	14
2241	14
2242	14
2243	14
2244	14
2245	14
2246	14
2247	14
2248	14
2249	14
2250	14
2251	14
2252	14
2253	14
2254	14
2255	14
2256	14
2257	14
2258	14
2259	14
2260	14
2261	14
2262	14
2263	14
2264	14
2265	14
2266	14
2267	14
2268	14
2269	14
2270	14
2271	14
2272	14
2273	14
2274	14
2275	14
2276	14
2277	14
2278	14
2279	14
2280	14
2281	14
2282	14
2283	14
2284	14
2285	14
2286	14
2287	14
2288	14
2289	14
2290	14
2291	14
2292	14
2293	14
2294	14
2295	14
2296	14
2297	14
2298	14
2299	14
2300	14
2301	14
2302	14
2303	14
2304	14
2305	14
2306	14
2307	14
2308	14
2309	14
2310	14
2311	14
2312	14
2313	14
2314	14
2315	14
2316	14
2317	14
2318	14
2319	14
2320	14
2321	14
2322	14
2323	14
2324	14
2325	14
2326	14
2327	14
2328	14
2329	14
2330	14
2331	14
2332	14
2333	14
2334	14
2335	14
2336	14
2337	14
2338	14
2339	14
2340	14
2341	14
2342	14
2343	14
2344	14
2345	14
2346	14
2347	14
2348	14
2349	14
2350	14
2351	14
2352	14
2353	14
2354	14
2355	14
2356	14
2357	14
2358	14
2359	14
2360	14
2361	14
2362	14
2363	14
2364	14
2365	14
2366	14
2367	14
2368	14
2369	14
2370	14
2371	14
2372	14
2373	14
2374	14
2375	14
2376	14
2377	14
2378	14
2379	14
2380	14
2381	14
2382	14
2383	14
2384	14
2385	14
2386	14
2387	14
2388	14
2389	14
2390	14
2391	14
2392	14
2393	14
2394	14
2395	14
2396	14
2397	14
2398	14
2399	14
2400	14
2401	14
2402	14
2403	14
2404	14
2405	14
2406	14
2407	14
2408	14
2409	14
2410	14
2411	14
2412	14
2413	14
2414	15
2415	15
2416	15
2417	15
2418	15
2419	15
2420	15
2421	15
2422	15
2423	15
2424	15
2425	15
2426	15
2427	15
2428	15
2429	15
2430	15
2431	15
2432	15
2433	15
2434	15
2435	15
2436	15
2437	15
2438	15
2439	15
2440	15
2441	15
2442	15
2443	15
2444	15
2445	15
2446	15
2447	15
2448	15
2449	15
2450	15
2451	15
2452	15
2453	15
2454	15
2455	15
2456	15
2457	15
2458	15
2459	15
2460	15
2461	15
2462	15
2463	15
2464	15
2465	15
2466	15
2467	15
2468	15
2469	15
2470	15
2471	15
2472	15
2473	15
2474	15
2475	15
2476	15
2477	15
2478	15
2479	15
2480	15
2481	15
2482	15
2483	15
2484	15
2485	15
2486	15
2487	15
2488	15
2489	15
2490	15
2491	15
2492	15
2493	15
2494	15
2495	15
2496	15
2497	15
2498	15
2499	15
2500	15
2501	15
2502	15
2503	15
2504	15
2505	15
2506	15
2507	15
2508	15
2509	15
2510	15
2511	15
2512	15
2513	15
2514	15
2515	15
2516	15
2517	15
2518	15
2519	15
2520	16
2521	16
2522	16
2523	16
2524	16
2525	16
2526	16
2527	16
2528	16
2529	16
2530	16
2531	16
2532	16
2533	16
2534	16
2535	16
2536	16
2537	16
2538	16
2539	16
2540	16
2541	16
2542	16
2543	16
2544	16
2545	16
2546	16
2547	16
2548	16
2549	16
2550	16
2551	16
2552	16
2553	16
2554	16
2555	16
2556	16
2557	16
2558	16
2559	16
2560	16
2561	16
2562	16
2563	16
2564	16
2565	16
2566	16
2567	16
2568	16
2569	16
2570	16
2571	16
2572	16
2573	16
2574	16
2575	16
2576	16
2577	16
2578	16
2579	16
2580	16
2581	16
2582	16
2583	16
2584	16
2585	16
2586	16
2587	16
2588	16
2589	16
2590	16
2591	16
2592	16
2593	16
2594	16
2595	16
2596	16
2597	16
2598	16
2599	16
2600	16
2601	16
2602	16
2603	16
2604	16
2605	16
2606	16
2607	16
2608	16
2609	16
2610	16
2611	16
2612	16
2613	16
2614	16
2615	16
2616	16
2617	16
2618	16
2619	16
2620	16
2621	16
2622	16
2623	16
2624	16
2625	16
2626	16
2627	16
2628	16
2629	16
2630	16
2631	16
2632	16
2633	16
2634	16
2635	16
2636	16
2637	16
2638	16
2639	16
2640	16
2641	16
2642	16
2643	16
2644	16
2645	16
2646	16
2647	16
2648	16
2649	16
2650	16
2651	17
2652	17
2653	17
2654	17
2655	17
2656	17
2657	17
2658	17
2659	17
2660	17
2661	17
2662	17
2663	17
2664	17
2665	17
2666	17
2667	17
2668	17
2669	17
2670	17
2671	17
2672	17
2673	17
2674	17
2675	17
2676	17
2677	17
2678	17
2679	17
2680	17
2681	17
2682	17
2683	17
2684	17
2685	17
2686	17
2687	17
2688	17
2689	17
2690	17
2691	17
2692	17
2693	17
2694	17
2695	17
2696	17
2697	17
2698	17
2699	17
2700	17
2701	17
2702	17
2703	17
2704	17
2705	17
2706	17
2707	17
2708	17
2709	17
2710	17
2711	17
2712	17
2713	17
2714	17
2715	17
2716	17
2717	17
2718	17
2719	17
2720	17
2721	17
2722	17
2723	17
2724	17
2725	17
2726	17
2727	17
2728	17
2729	17
2730	17
2731	17
2732	17
2733	17
2734	17
2735	17
2736	17
2737	17
2738	17
2739	17
2740	17
2741	17
2742	17
2743	17
2744	17
2745	17
2746	17
2747	17
2748	17
2749	17
2750	17
2751	17
2752	17
2753	17
2754	17
2755	17
2756	17
2757	17
2758	17
2759	17
2760	17
2761	17
2762	17
2763	17
2764	17
2765	17
2766	17
2767	17
2768	17
2769	17
2770	17
2771	17
2772	17
2773	17
2774	17
2775	17
2776	17
2777	17
2778	17
2779	17
2780	17
2781	17
2782	17
2783	17
2784	17
2785	17
2786	17
2787	17
2788	17
2789	17
2790	17
2791	17
2792	17
2793	17
2794	17
2795	17
2796	17
2797	17
2798	17
2799	17
2800	17
2801	17
2802	17
2803	17
2804	17
2805	17
2806	17
2807	18
2808	18
2809	18
2810	18
2811	18
2812	18
2813	18
2814	18
2815	18
2816	18
2817	18
2818	18
2819	18
2820	18
2821	18
2822	18
2823	18
2824	18
2825	18
2826	18
2827	18
2828	18
2829	18
2830	18
2831	18
2832	18
2833	18
2834	18
2835	18
2836	18
2837	18
2838	18
2839	18
2840	18
2841	18
2842	18
2843	18
2844	18
2845	18
2846	18
2847	18
2848	18
2849	18
2850	18
2851	18
2852	18
2853	18
2854	18
2855	18
2856	18
2857	18
2858	18
2859	18
2860	18
2861	18
2862	18
2863	18
2864	18
2865	18
2866	18
2867	18
2868	18
2869	18
2870	18
2871	18
2872	18
2873	18
2874	18
2875	18
2876	18
2877	18
2878	18
2879	18
2880	18
2881	18
2882	18
2883	18
2884	18
2885	18
2886	18
2887	18
2888	18
2889	18
2890	18
2891	18
2892	18
2893	18
2894	18
2895	18
2896	18
2897	18
2898	18
2899	18
2900	18
2901	18
2902	18
2903	18
2904	18
2905	18
2906	18
2907	18
2908	18
2909	18
2910	18
2911	18
2912	18
2913	18
2914	18
2915	18
2916	18
2917	18
2918	18
2919	18
2920	18
2921	18
2922	18
2923	18
2924	18
2925	18
2926	18
2927	18
2928	18
2929	18
2930	18
2931	18
2932	18
2933	18
2934	18
2935	18
2936	18
2937	18
2938	18
2939	18
2940	18
2941	18
2942	18
2943	18
2944	18
2945	18
2946	18
2947	18
2948	18
2949	18
2950	18
2951	18
2952	18
2953	18
2954	18
2955	18
2956	18
2957	18
2958	18
2959	18
2960	18
2961	18
2962	18
2963	18
2964	18
2965	18
2966	18
2967	18
2968	18
2969	18
2970	18
2971	18
2972	18
2973	18
2974	18
2975	18
2976	18
2977	18
2978	18
2979	18
2980	19
2981	19
2982	19
2983	19
2984	19
2985	19
2986	19
2987	19
2988	19
2989	19
2990	19
2991	19
2992	19
2993	19
2994	19
2995	19
2996	19
2997	19
2998	19
2999	19
3000	19
3001	19
3002	19
3003	19
3004	19
3005	19
3006	19
3007	19
3008	19
3009	19
3010	19
3011	19
3012	19
3013	19
3014	19
3015	19
3016	19
3017	19
3018	19
3019	19
3020	19
3021	19
3022	19
3023	19
3024	19
3025	19
3026	19
3027	19
3028	19
3029	19
3030	19
3031	19
3032	19
3033	19
3034	19
3035	19
3036	19
3037	19
3038	19
3039	19
3040	19
3041	19
3042	19
3043	19
3044	19
3045	19
3046	19
3047	19
3048	19
3049	19
3050	19
3051	19
3052	19
3053	19
3054	19
3055	19
3056	19
3057	19
3058	19
3059	19
3060	19
3061	19
3062	19
3063	19
3064	19
3065	19
3066	19
3067	19
3068	19
3069	19
3070	19
3071	19
3072	19
3073	19
3074	19
3075	19
3076	19
3077	19
3078	19
3079	19
3080	19
3081	19
3082	19
3083	19
3084	19
3085	19
3086	19
3087	19
3088	19
3089	19
3090	19
3091	19
3092	19
3093	19
3094	19
3095	19
3096	19
3097	19
3098	19
3099	19
3100	19
3101	19
3102	19
3103	19
3104	19
3105	19
3106	19
3107	19
3108	19
3109	19
3110	19
3111	19
3112	19
3113	19
3114	19
3115	19
3116	19
3117	19
3118	19
3119	19
3120	19
3121	19
3122	19
3123	19
3124	19
3125	19
3126	19
3127	19
3128	19
3129	19
3130	19
3131	19
3132	19
3133	19
3134	19
3135	19
3136	20
3137	20
3138	20
3139	20
3140	20
3141	20
3142	20
3143	20
3144	20
3145	20
3146	20
3147	20
3148	20
3149	20
3150	20
3151	20
3152	20
3153	20
3154	20
3155	20
3156	20
3157	20
3158	20
3159	20
3160	20
3161	20
3162	20
3163	20
3164	20
3165	20
3166	20
3167	20
3168	20
3169	20
3170	20
3171	20
3172	20
3173	20
3174	20
3175	20
3176	20
3177	20
3178	20
3179	20
3180	20
3181	20
3182	20
3183	20
3184	20
3185	20
3186	20
3187	20
3188	20
3189	20
3190	20
3191	20
3192	20
3193	20
3194	20
3195	20
3196	20
3197	20
3198	20
3199	20
3200	20
3201	20
3202	20
3203	20
3204	20
3205	20
3206	20
3207	20
3208	20
3209	20
3210	20
3211	20
3212	20
3213	20
3214	20
3215	20
3216	20
3217	20
3218	20
3219	20
3220	20
3221	20
3222	20
3223	20
3224	20
3225	20
3226	20
3227	20
3228	20
3229	20
3230	20
3231	20
3232	20
3233	20
3234	20
3235	20
3236	20
3237	20
3238	20
3239	20
3240	20
3241	20
3242	20
3243	20
3244	20
3245	20
3246	20
3247	20
3248	20
3249	20
3250	20
3251	20
3252	20
3253	20
3254	20
3255	20
3256	20
3257	20
3258	20
3259	20
3260	20
3261	20
3262	20
3263	21
3264	21
3265	21
3266	21
3267	21
3268	21
3269	21
3270	21
3271	21
3272	21
3273	21
3274	21
3275	21
3276	21
3277	21
3278	21
3279	21
3280	21
3281	21
3282	21
3283	21
3284	21
3285	21
3286	21
3287	21
3288	21
3289	21
3290	21
3291	21
3292	21
3293	21
3294	21
3295	21
3296	21
3297	21
3298	21
3299	21
3300	21
3301	21
3302	21
3303	21
3304	21
3305	21
3306	21
3307	21
3308	21
3309	21
3310	21
3311	21
3312	21
3313	21
3314	21
3315	21
3316	21
3317	21
3318	21
3319	21
3320	21
3321	21
3322	21
3323	21
3324	21
3325	21
3326	21
3327	21
3328	21
3329	21
3330	21
3331	21
3332	21
3333	21
3334	21
3335	21
3336	21
3337	21
3338	21
3339	21
3340	21
3341	21
3342	21
3343	21
3344	21
3345	21
3346	21
3347	21
3348	21
3349	21
3350	21
3351	21
3352	21
3353	21
3354	21
3355	21
3356	21
3357	21
3358	21
3359	21
3360	21
3361	21
3362	21
3363	21
3364	21
3365	21
3366	21
3367	21
3368	21
3369	21
3370	21
3371	21
3372	21
3373	21
3374	21
3375	21
3376	21
3377	21
3378	21
3379	21
3380	21
3381	21
3382	21
3383	21
3384	21
3385	21
3386	21
3387	21
3388	21
3389	21
3390	21
3391	21
3392	21
3393	21
3394	21
3395	21
3396	21
3397	21
3398	21
3399	21
3400	21
3401	21
3402	21
3403	21
3404	21
3405	21
3406	21
3407	21
3408	21
3409	21
3410	21
3411	21
3412	21
3413	21
3414	21
3415	21
3416	21
3417	21
3418	21
3419	21
3420	21
3421	21
3422	21
3423	21
3424	21
3425	21
3426	21
3427	21
3428	21
3429	21
3430	21
3431	21
3432	21
3433	21
3434	21
3435	21
3436	21
3437	21
3438	21
3439	21
3440	21
3441	21
3442	21
3443	21
3444	21
3445	21
3446	21
3447	21
3448	21
3449	21
3450	21
3451	21
3452	21
3453	21
3454	21
3455	21
3456	21
3457	21
3458	21
3459	21
3460	21
3461	21
3462	21
3463	21
3464	21
3465	21
3466	21
3467	21
3468	21
3469	21
3470	21
3471	21
3472	21
3473	21
3474	21
3475	21
3476	21
3477	21
3478	21
3479	21
3480	21
3481	21
3482	21
3483	21
3484	21
3485	21
3486	21
3487	21
3488	21
3489	21
3490	21
3491	21
3492	21
3493	21
3494	21
3495	21
3496	21
3497	21
3498	21
3499	21
3500	21
3501	21
3502	21
3503	21
3504	21
3505	21
3506	21
3507	21
3508	21
3509	21
3510	21
3511	21
3512	21
3513	21
3514	21
3515	21
3516	21
3517	21
3518	21
3519	21
3520	21
3521	21
3522	21
3523	21
3524	21
3525	21
3526	21
3527	21
3528	21
3529	21
3530	21
3531	21
3532	21
3533	21
3534	21
3535	21
3536	21
3537	21
3538	21
3539	21
3540	21
3541	21
3542	21
3543	21
3544	21
3545	21
3546	21
3547	21
3548	21
3549	21
3550	21
3551	21
3552	21
3553	21
3554	21
3555	21
3556	21
3557	21
3558	21
3559	21
3560	21
3561	21
3562	21
3563	21
3564	21
3565	21
3566	21
3567	21
3568	21
3569	21
3570	21
3571	21
3572	21
3573	21
3574	21
3575	21
3576	21
3577	21
3578	21
3579	21
3580	21
3581	21
3582	21
3583	21
3584	21
3585	21
3586	21
3587	21
3588	21
3589	21
3590	21
3591	21
3592	21
3593	21
3594	21
3595	21
3596	21
3597	21
3598	21
3599	21
3600	21
3601	21
3602	21
3603	21
3604	21
3605	21
3606	21
3607	21
3608	21
3609	21
3610	21
3611	21
3612	21
3613	21
3614	21
3615	21
3616	21
3617	21
3618	21
3619	21
3620	21
3621	21
3622	21
3623	21
3624	21
3625	21
3626	21
3627	21
3628	21
3629	21
3630	21
3631	22
3632	22
3633	22
3634	22
3635	22
3636	22
3637	22
3638	22
3639	22
3640	22
3641	22
3642	22
3643	22
3644	22
3645	22
3646	22
3647	22
3648	22
3649	22
3650	22
3651	22
3652	22
3653	22
3654	22
3655	22
3656	22
3657	22
3658	22
3659	22
3660	22
3661	22
3662	22
3663	22
3664	22
3665	22
3666	22
3667	22
3668	22
3669	22
3670	22
3671	22
3672	22
3673	22
3674	22
3675	22
3676	22
3677	22
3678	22
3679	22
3680	22
3681	22
3682	22
3683	22
3684	22
3685	22
3686	22
3687	22
3688	22
3689	22
3690	22
3691	22
3692	22
3693	22
3694	22
3695	22
3696	22
3697	22
3698	22
3699	22
3700	22
3701	22
3702	22
3703	22
3704	22
3705	22
3706	22
3707	22
3708	22
3709	22
3710	22
3711	22
3712	22
3713	22
3714	22
3715	22
3716	22
3717	22
3718	22
3719	22
3720	22
3721	22
3722	22
3723	22
3724	22
3725	22
3726	22
3727	22
3728	22
3729	22
3730	22
3731	22
3732	22
3733	22
3734	22
3735	22
3736	22
3737	22
3738	22
3739	22
3740	22
3741	22
3742	22
3743	22
3744	22
3745	22
3746	22
3747	22
3748	22
3749	22
3750	22
3751	22
3752	22
3753	22
3754	22
3755	22
3756	22
3757	23
3758	23
3759	23
3760	23
3761	23
3762	23
3763	23
3764	23
3765	23
3766	23
3767	23
3768	23
3769	23
3770	23
3771	23
3772	23
3773	23
3774	23
3775	23
3776	23
3777	23
3778	23
3779	23
3780	23
3781	23
3782	23
3783	23
3784	23
3785	23
3786	23
3787	23
3788	23
3789	23
3790	23
3791	23
3792	23
3793	23
3794	23
3795	23
3796	23
3797	23
3798	23
3799	23
3800	23
3801	23
3802	23
3803	23
3804	23
3805	23
3806	23
3807	23
3808	23
3809	23
3810	23
3811	23
3812	23
3813	23
3814	23
3815	23
3816	23
3817	23
3818	23
3819	23
3820	23
3821	23
3822	23
3823	23
3824	23
3825	23
3826	23
3827	23
3828	23
3829	23
3830	23
3831	23
3832	23
3833	23
3834	23
3835	23
3836	23
3837	23
3838	23
3839	23
3840	23
3841	23
3842	23
3843	23
3844	23
3845	23
3846	23
3847	23
3848	23
3849	23
3850	23
3851	23
3852	23
3853	23
3854	23
3855	23
3856	23
3857	23
3858	23
3859	23
3860	23
3861	23
3862	23
3863	23
3864	23
3865	23
3866	23
3867	23
3868	23
3869	23
3870	23
3871	23
3872	23
3873	23
3874	23
3875	23
3876	23
3877	23
3878	23
3879	23
3880	23
3881	23
3882	23
3883	23
3884	23
3885	23
3886	23
3887	23
3888	23
3889	23
3890	23
3891	23
3892	23
3893	23
3894	23
3895	23
3896	23
3897	23
3898	23
3899	23
3900	23
3901	23
3902	23
3903	23
3904	23
3905	23
3906	23
3907	23
3908	23
3909	23
3910	23
3911	23
3912	23
3913	23
3914	23
3915	23
3916	24
3917	24
3918	24
3919	24
3920	24
3921	24
3922	24
3923	24
3924	24
3925	24
3926	24
3927	24
3928	24
3929	24
3930	24
3931	24
3932	24
3933	24
3934	24
3935	24
3936	24
3937	24
3938	24
3939	24
3940	24
3941	24
3942	24
3943	24
3944	24
3945	24
3946	24
3947	24
3948	24
3949	24
3950	24
3951	24
3952	24
3953	24
3954	24
3955	24
3956	24
3957	24
3958	24
3959	24
3960	24
3961	24
3962	24
3963	24
3964	24
3965	24
3966	24
3967	24
3968	24
3969	24
3970	24
3971	24
3972	24
3973	24
3974	24
3975	24
3976	24
3977	24
3978	24
3979	24
3980	24
3981	24
3982	24
3983	24
3984	24
3985	24
3986	24
3987	24
3988	24
3989	24
3990	24
3991	24
3992	24
3993	24
3994	24
3995	24
3996	24
3997	24
3998	24
3999	24
4000	24
4001	24
4002	24
4003	24
4004	24
4005	24
4006	24
4007	24
4008	24
4009	24
4010	24
4011	24
4012	24
4013	24
4014	24
4015	24
4016	24
4017	24
4018	24
4019	24
4020	24
4021	24
4022	24
4023	24
4024	24
4025	24
4026	24
4027	24
4028	24
4029	24
4030	24
4031	24
4032	24
4033	24
4034	24
4035	24
4036	24
4037	24
4038	24
4039	24
4040	24
4041	24
4042	24
4043	24
4044	24
4045	24
4046	24
4047	24
4048	24
4049	24
4050	24
4051	24
4052	24
4053	24
4054	24
4055	24
4056	24
4057	24
4058	24
4059	24
4060	24
4061	24
4062	24
4063	24
4064	25
4065	25
4066	25
4067	25
4068	25
4069	25
4070	25
4071	25
4072	25
4073	25
4074	25
4075	25
4076	25
4077	25
4078	25
4079	25
4080	25
4081	25
4082	25
4083	25
4084	25
4085	25
4086	25
4087	25
4088	25
4089	25
4090	25
4091	25
4092	25
4093	25
4094	25
4095	25
4096	25
4097	25
4098	25
4099	25
4100	25
4101	25
4102	25
4103	25
4104	25
4105	25
4106	25
4107	25
4108	25
4109	25
4110	25
4111	25
4112	25
4113	25
4114	25
4115	25
4116	25
4117	25
4118	25
4119	25
4120	25
4121	25
4122	25
4123	25
4124	25
4125	25
4126	25
4127	25
4128	25
4129	25
4130	25
4131	25
4132	25
4133	25
4134	25
4135	25
4136	25
4137	25
4138	25
4139	25
4140	25
4141	25
4142	25
4143	25
4144	25
4145	25
4146	25
4147	25
4148	25
4149	25
4150	25
4151	25
4152	25
4153	25
4154	25
4155	25
4156	25
4157	25
4158	25
4159	25
4160	25
4161	25
4162	25
4163	25
4164	25
4165	25
4166	25
4167	25
4168	25
4169	25
4170	25
4171	25
4172	25
4173	25
4174	25
4175	25
4176	25
4177	25
4178	25
4179	25
4180	25
4181	25
4182	25
4183	25
4184	25
4185	25
4186	25
4187	25
4188	25
4189	25
4190	25
4191	25
4192	25
4193	25
4194	25
4195	25
4196	25
4197	25
4198	25
4199	25
4200	25
4201	25
4202	25
4203	25
4204	25
4205	25
4206	25
4207	25
4208	25
4209	25
4210	25
4211	25
4212	26
4213	26
4214	26
4215	26
4216	26
4217	26
4218	26
4219	26
4220	26
4221	26
4222	26
4223	26
4224	26
4225	26
4226	26
4227	26
4228	26
4229	26
4230	26
4231	26
4232	26
4233	26
4234	26
4235	26
4236	26
4237	26
4238	26
4239	26
4240	26
4241	26
4242	26
4243	26
4244	26
4245	26
4246	26
4247	26
4248	26
4249	26
4250	26
4251	26
4252	26
4253	26
4254	26
4255	26
4256	26
4257	26
4258	26
4259	26
4260	26
4261	26
4262	26
4263	26
4264	26
4265	26
4266	26
4267	26
4268	26
4269	26
4270	26
4271	26
4272	26
4273	26
4274	26
4275	26
4276	26
4277	26
4278	26
4279	26
4280	26
4281	26
4282	26
4283	26
4284	26
4285	26
4286	26
4287	26
4288	26
4289	26
4290	26
4291	26
4292	26
4293	26
4294	26
4295	26
4296	26
4297	26
4298	26
4299	26
4300	26
4301	26
4302	26
4303	26
4304	26
4305	26
4306	26
4307	26
4308	26
4309	26
4310	26
4311	26
4312	26
4313	26
4314	26
4315	26
4316	26
4317	26
4318	26
4319	26
4320	26
4321	26
4322	26
4323	26
4324	26
4325	26
4326	26
4327	26
4328	26
4329	26
4330	26
4331	26
4332	26
4333	26
4334	26
4335	26
4336	26
4337	26
4338	26
4339	26
4340	26
4341	26
4342	26
4343	26
4344	26
4345	26
4346	26
4347	26
4348	26
4349	26
4350	26
4351	26
4352	26
4353	26
4354	26
4355	26
4356	26
4357	26
4358	26
4359	26
4360	26
4361	26
4362	26
4363	26
4364	26
4365	26
4366	26
4367	26
4368	26
4369	26
4370	26
4371	26
4372	27
4373	27
4374	27
4375	27
4376	27
4377	27
4378	27
4379	27
4380	27
4381	27
4382	27
4383	27
4384	27
4385	27
4386	27
4387	27
4388	27
4389	27
4390	27
4391	27
4392	27
4393	27
4394	27
4395	27
4396	27
4397	27
4398	27
4399	27
4400	27
4401	27
4402	27
4403	27
4404	27
4405	27
4406	27
4407	27
4408	27
4409	27
4410	27
4411	27
4412	27
4413	27
4414	27
4415	27
4416	27
4417	27
4418	27
4419	27
4420	27
4421	27
4422	27
4423	27
4424	27
4425	27
4426	27
4427	27
4428	27
4429	27
4430	27
4431	27
4432	27
4433	27
4434	27
4435	27
4436	27
4437	27
4438	27
4439	27
4440	27
4441	27
4442	27
4443	27
4444	27
4445	27
4446	27
4447	27
4448	27
4449	27
4450	27
4451	27
4452	27
4453	27
4454	27
4455	27
4456	27
4457	27
4458	27
4459	27
4460	27
4461	27
4462	27
4463	27
4464	27
4465	27
4466	27
4467	27
4468	27
4469	27
4470	27
4471	27
4472	27
4473	27
4474	27
4475	27
4476	27
4477	27
4478	27
4479	27
4480	27
4481	27
4482	27
4483	27
4484	27
4485	27
4486	27
4487	27
4488	27
4489	27
4490	27
4491	27
4492	27
4493	27
4494	28
4495	28
4496	28
4497	28
4498	28
4499	28
4500	28
4501	28
4502	28
4503	28
4504	28
4505	28
4506	28
4507	28
4508	28
4509	28
4510	28
4511	28
4512	28
4513	28
4514	28
4515	28
4516	28
4517	28
4518	28
4519	28
4520	28
4521	28
4522	28
4523	28
4524	28
4525	28
4526	28
4527	28
4528	28
4529	28
4530	28
4531	28
4532	28
4533	28
4534	28
4535	28
4536	28
4537	28
4538	28
4539	28
4540	28
4541	28
4542	28
4543	28
4544	28
4545	28
4546	28
4547	28
4548	28
4549	28
4550	28
4551	28
4552	28
4553	28
4554	28
4555	28
4556	28
4557	28
4558	28
4559	28
4560	28
4561	28
4562	28
4563	28
4564	28
4565	28
4566	28
4567	28
4568	28
4569	28
4570	28
4571	28
4572	28
4573	28
4574	28
4575	28
4576	28
4577	28
4578	28
4579	28
4580	28
4581	28
4582	28
4583	28
4584	28
4585	28
4586	28
4587	28
4588	28
4589	28
4590	28
4591	28
4592	28
4593	28
4594	28
4595	28
4596	28
4597	28
4598	28
4599	28
4600	28
4601	28
4602	28
4603	28
4604	28
4605	28
4606	28
4607	28
4608	28
4609	28
4610	28
4611	28
4612	28
4613	28
4614	28
4615	28
4616	28
4617	28
4618	28
4619	28
4620	28
4621	28
4622	28
4623	28
4624	28
4625	28
4626	28
4627	28
4628	28
4629	28
4630	28
4631	28
4632	28
4633	28
4634	28
4635	28
4636	28
4637	28
4638	28
4639	28
4640	28
4641	28
4642	28
4643	28
4644	28
4645	28
4646	28
4647	28
4648	28
4649	28
4650	28
4651	28
4652	28
4653	28
4654	28
4655	28
4656	28
4657	28
4658	28
4659	28
4660	28
4661	28
4662	28
4663	28
4664	28
4665	28
4666	28
4667	28
4668	28
4669	28
4670	28
4671	28
4672	28
4673	28
4674	28
4675	28
4676	28
4677	28
4678	28
4679	28
4680	28
4681	28
4682	28
4683	28
4684	28
4685	28
4686	28
4687	28
4688	28
4689	28
4690	28
4691	28
4692	28
4693	28
4694	28
4695	28
4696	28
4697	28
4698	28
4699	28
4700	28
4701	28
4702	28
4703	28
4704	28
4705	28
4706	28
4707	28
4708	28
4709	28
4710	28
4711	28
4712	28
4713	28
4714	28
4715	28
4716	28
4717	28
4718	28
4719	28
4720	28
4721	28
4722	28
4723	28
4724	28
4725	28
4726	28
4727	28
4728	28
4729	28
4730	28
4731	28
4732	28
4733	28
4734	28
4735	28
4736	28
4737	28
4738	28
4739	28
4740	28
4741	28
4742	28
4743	28
4744	28
4745	28
4746	28
4747	28
4748	28
4749	28
4750	28
4751	28
4752	28
4753	28
4754	28
4755	28
4756	28
4757	28
4758	28
4759	28
4760	28
4761	28
4762	28
4763	28
4764	28
4765	28
4766	28
4767	28
4768	28
4769	28
4770	28
4771	28
4772	28
4773	28
4774	28
4775	28
4776	28
4777	28
4778	28
4779	28
4780	28
4781	28
4782	28
4783	28
4784	28
4785	28
4786	28
4787	28
4788	28
4789	28
4790	28
4791	28
4792	28
4793	28
4794	28
4795	28
4796	28
4797	28
4798	28
4799	28
4800	28
4801	28
4802	28
4803	28
4804	28
4805	28
4806	28
4807	28
4808	28
4809	28
4810	28
4811	28
4812	28
4813	28
4814	28
4815	28
4816	28
4817	28
4818	28
4819	28
4820	28
4821	28
4822	28
4823	28
4824	28
4825	28
4826	28
4827	28
4828	28
4829	28
4830	28
4831	28
4832	28
4833	28
4834	28
4835	28
4836	28
4837	28
4838	28
4839	28
4840	28
4841	28
4842	28
4843	28
4844	28
4845	28
4846	28
4847	28
4848	28
4849	28
4850	28
4851	28
4852	28
4853	28
4854	28
4855	28
4856	28
4857	28
4858	28
4859	28
4860	28
4861	28
4862	28
4863	28
4864	28
4865	28
4866	28
4867	28
4868	29
4869	29
4870	29
4871	29
4872	29
4873	29
4874	29
4875	29
4876	29
4877	29
4878	29
4879	29
4880	29
4881	29
4882	29
4883	29
4884	29
4885	29
4886	29
4887	29
4888	29
4889	29
4890	29
4891	29
4892	29
4893	29
4894	29
4895	29
4896	29
4897	29
4898	29
4899	29
4900	29
4901	29
4902	29
4903	29
4904	29
4905	29
4906	29
4907	29
4908	29
4909	29
4910	29
4911	29
4912	29
4913	29
4914	29
4915	29
4916	29
4917	29
4918	29
4919	29
4920	29
4921	29
4922	29
4923	29
4924	29
4925	29
4926	29
4927	29
4928	29
4929	29
4930	29
4931	29
4932	29
4933	29
4934	29
4935	29
4936	29
4937	29
4938	29
4939	29
4940	29
4941	29
4942	29
4943	29
4944	29
4945	29
4946	29
4947	29
4948	29
4949	29
4950	29
4951	29
4952	29
4953	29
4954	29
4955	29
4956	29
4957	29
4958	29
4959	29
4960	29
4961	29
4962	29
4963	29
4964	29
4965	29
4966	29
4967	29
4968	29
4969	29
4970	29
4971	29
4972	29
4973	29
4974	29
4975	29
4976	29
4977	29
4978	29
4979	29
4980	29
4981	30
4982	30
4983	30
4984	30
4985	30
4986	30
4987	30
4988	30
4989	30
4990	30
4991	30
4992	30
4993	30
4994	30
4995	30
4996	30
4997	30
4998	30
4999	30
5000	30
5001	30
5002	30
5003	30
5004	30
5005	30
5006	30
5007	30
5008	30
5009	30
5010	30
5011	30
5012	30
5013	30
5014	30
5015	30
5016	30
5017	30
5018	30
5019	30
5020	30
5021	30
5022	30
5023	30
5024	30
5025	30
5026	30
5027	30
5028	30
5029	30
5030	30
5031	30
5032	30
5033	30
5034	30
5035	30
5036	30
5037	30
5038	30
5039	30
5040	30
5041	30
5042	30
5043	30
5044	30
5045	30
5046	30
5047	30
5048	30
5049	30
5050	30
5051	30
5052	30
5053	30
5054	30
5055	30
5056	30
5057	30
5058	30
5059	30
5060	30
5061	30
5062	30
5063	30
5064	30
5065	30
5066	30
5067	30
5068	30
5069	30
5070	30
5071	30
5072	30
5073	30
5074	30
5075	30
5076	30
5077	30
5078	30
5079	30
5080	30
5081	30
5082	30
5083	30
5084	30
5085	30
5086	30
5087	30
5088	30
5089	30
5090	30
5091	30
5092	30
5093	30
5094	30
5095	30
5096	30
5097	30
5098	30
5099	30
5100	30
5101	30
5102	30
5103	30
5104	30
5105	30
5106	30
5107	30
5108	30
5109	30
5110	30
5111	30
5112	30
5113	30
5114	30
5115	30
5116	30
5117	30
5118	30
5119	30
5120	30
5121	30
5122	30
5123	30
5124	30
5125	30
5126	30
5127	30
5128	30
5129	30
5130	30
5131	30
5132	30
5133	30
5134	30
